500
0 0.002 6 8.11111 160 1.5 1 6 12.4984 6.28994 1.2 0 0 12.2062 8.82248 1.2 0 7 12.2341 5.72056 1.2 0 12 10.4742 6.48035 1.2 1 11 12.5039 5.51089 1.2 1 13 10.2124 9.0209 1.20248 
1 0.002 6 8.11111 160 1.5 1 6 12.4984 6.28994 1.2 0 0 12.2062 8.82248 1.2 1 7 12.2341 5.72056 1.2 0 12 10.4742 6.48035 1.2 1 11 12.5039 5.51089 1.2 1 13 10.2124 9.0209 1.20248 
2 0.002 6 8.11111 160 1.5 1 6 12.4984 6.28994 1.2 0 0 12.2062 8.82248 1.2 1 7 12.2341 5.72056 1.2 1 12 10.4742 6.48035 1.2 1 11 12.5039 5.51089 1.2 1 13 10.2124 9.0209 1.20248 
3 0.002 6 8.11111 160 1.5 1 6 12.4984 6.28994 1.2 0 0 12.2062 8.82248 1.2 0 7 12.2341 5.72056 1.2 1 12 10.4742 6.48035 1.2 1 11 12.5039 5.51089 1.2 1 13 10.2124 9.0209 1.20248 
4 0.002 6 8.11111 160 1.5 1 6 12.4984 6.28994 1.2 1 0 12.2062 8.82248 1.2 0 7 12.2341 5.72056 1.2 0 12 10.4742 6.48035 1.2 1 11 12.5039 5.51089 1.2 1 13 10.2124 9.0209 1.20248 
5 0.002 6 8.11111 160 1.5 1 6 12.4984 6.28994 1.2 0 0 12.2062 8.82248 1.2 0 7 12.2341 5.72056 1.2 1 12 10.4742 6.48035 1.2 1 11 12.5039 5.51089 1.2 2 13 10.2124 9.0209 1.20248 
6 0.002 6 8.11111 160 1.5 1 6 12.4984 6.28994 1.2 0 0 12.2062 8.82248 1.2 0 7 12.2341 5.72056 1.2 0 12 10.4742 6.48035 1.2 1 11 12.5039 5.51089 1.2 1 13 10.2124 9.0209 1.20248 
7 0.002 6 8.11111 160 1.5 1 6 12.4984 6.28994 1.2 0 0 12.2062 8.82248 1.2 0 7 12.2341 5.72056 1.2 0 12 10.4742 6.48035 1.2 1 11 12.5039 5.51089 1.2 1 13 10.2124 9.0209 1.20248 
8 0.002 6 8.11111 160 1.5 1 6 12.4984 6.28994 1.2 0 0 12.2062 8.82248 1.2 0 7 12.2341 5.72056 1.2 0 12 10.4742 6.48035 1.2 1 11 12.5039 5.51089 1.2 1 13 10.2124 9.0209 1.20248 
9 0.002 6 8.11111 160 1.5 1 6 12.4984 6.28994 1.2 0 0 12.2062 8.82248 1.2 0 7 12.2341 5.72056 1.2 0 12 10.4742 6.48035 1.2 1 11 12.5039 5.51089 1.2 1 13 10.2124 9.0209 1.20248 
10 0.002 6 8.11111 160 1.5 1 6 12.4984 6.28994 1.2 0 0 12.2062 8.82248 1.2 2 7 12.2341 5.72056 1.2 0 12 10.4742 6.48035 1.2 1 11 12.5039 5.51089 1.2 1 13 10.2124 9.0209 1.20248 
11 0.002 6 8.11111 160 1.5 1 6 12.4984 6.28994 1.2 0 0 12.2062 8.82248 1.2 1 7 12.2341 5.72056 1.2 0 12 10.4742 6.48035 1.2 1 11 12.5039 5.51089 1.2 1 13 10.2124 9.0209 1.20248 
12 0.002 6 8.11111 160 1.5 1 6 12.4984 6.28994 1.2 0 0 12.2062 8.82248 1.2 0 7 12.2341 5.72056 1.2 0 12 10.4742 6.48035 1.2 1 11 12.5039 5.51089 1.2 1 13 10.2124 9.0209 1.20248 
13 0.002 6 8.11111 160 1.5 1 6 12.4984 6.28994 1.2 0 0 12.2062 8.82248 1.2 0 7 12.2341 5.72056 1.2 1 12 10.4742 6.48035 1.2 1 11 12.5039 5.51089 1.2 1 13 10.2124 9.0209 1.20248 
14 0.002 6 8.11111 160 1.5 0 6 12.4984 6.28994 1.2 0 0 12.2062 8.82248 1.2 0 7 12.2341 5.72056 1.2 0 12 10.4742 6.48035 1.2 1 11 12.5039 5.51089 1.2 1 13 10.2124 9.0209 1.20248 
15 0.002 6 8.11111 160 1.5 1 6 12.4984 6.28994 1.2 0 0 12.2062 8.82248 1.2 0 7 12.2341 5.72056 1.2 0 12 10.4742 6.48035 1.2 2 11 12.5039 5.51089 1.2 1 13 10.2124 9.0209 1.20248 
16 0.002 6 8.11111 160 1.5 1 6 12.4984 6.28994 1.2 1 0 12.2062 8.82248 1.2 1 7 12.2341 5.72056 1.2 0 12 10.4742 6.48035 1.2 1 11 12.5039 5.51089 1.2 1 13 10.2124 9.0209 1.20248 
17 0.002 6 8.11111 160 1.5 1 6 12.4984 6.28994 1.2 0 0 12.2062 8.82248 1.2 0 7 12.2341 5.72056 1.2 0 12 10.4742 6.48035 1.2 1 11 12.5039 5.51089 1.2 0 13 10.2124 9.0209 1.20248 
18 0.002 6 8.11111 160 1.5 1 6 12.4984 6.28994 1.2 0 0 12.2062 8.82248 1.2 0 7 12.2341 5.72056 1.2 0 12 10.4742 6.48035 1.2 1 11 12.5039 5.51089 1.2 1 13 10.2124 9.0209 1.20248 
19 0.002 6 8.11111 160 1.5 1 6 12.4984 6.28994 1.2 0 0 12.2062 8.82248 1.2 0 7 12.2341 5.72056 1.2 0 12 10.4742 6.48035 1.2 1 11 12.5039 5.51089 1.2 0 13 10.2124 9.0209 1.20248 
20 0.002 6 8.11111 160 1.5 1 6 12.4984 6.28994 1.2 0 0 12.2062 8.82248 1.2 0 7 12.2341 5.72056 1.2 0 12 10.4742 6.48035 1.2 1 11 12.5039 5.51089 1.2 1 13 10.2124 9.0209 1.20248 
21 0.002 6 8.11111 160 1.5 1 6 12.4984 6.28994 1.2 0 0 12.2062 8.82248 1.2 0 7 12.2341 5.72056 1.2 0 12 10.4742 6.48035 1.2 1 11 12.5039 5.51089 1.2 1 13 10.2124 9.0209 1.20248 
22 0.002 6 8.11111 160 1.5 1 6 12.4984 6.28994 1.2 0 0 12.2062 8.82248 1.2 2 7 12.2341 5.72056 1.2 0 12 10.4742 6.48035 1.2 1 11 12.5039 5.51089 1.2 1 13 10.2124 9.0209 1.20248 
23 0.002 6 8.11111 160 1.5 1 6 12.4984 6.28994 1.2 0 0 12.2062 8.82248 1.2 1 7 12.2341 5.72056 1.2 0 12 10.4742 6.48035 1.2 1 11 12.5039 5.51089 1.2 1 13 10.2124 9.0209 1.20248 
24 0.002 6 8.11111 160 1.5 0 6 12.4984 6.28994 1.2 0 0 12.2062 8.82248 1.2 0 7 12.2341 5.72056 1.2 0 12 10.4742 6.48035 1.2 1 11 12.5039 5.51089 1.2 1 13 10.2124 9.0209 1.20248 
25 0.002 6 8.11111 160 1.5 1 6 12.4984 6.28994 1.2 0 0 12.2062 8.82248 1.2 0 7 12.2341 5.72056 1.2 0 12 10.4742 6.48035 1.2 1 11 12.5039 5.51089 1.2 1 13 10.2124 9.0209 1.20248 
26 0.002 6 8.11111 160 1.5 1 6 12.4984 6.28994 1.2 0 0 12.2062 8.82248 1.2 0 7 12.2341 5.72056 1.2 0 12 10.4742 6.48035 1.2 1 11 12.5039 5.51089 1.2 1 13 10.2124 9.0209 1.20248 
27 0.002 6 8.11111 160 1.5 1 6 12.4984 6.28994 1.2 1 0 12.2062 8.82248 1.2 0 7 12.2341 5.72056 1.2 0 12 10.4742 6.48035 1.2 1 11 12.5039 5.51089 1.2 1 13 10.2124 9.0209 1.20248 
28 0.002 6 8.11111 160 1.5 0 6 12.4984 6.28994 1.2 0 0 12.2062 8.82248 1.2 0 7 12.2341 5.72056 1.2 2 12 10.4742 6.48035 1.2 1 11 12.5039 5.51089 1.2 1 13 10.2124 9.0209 1.20248 
29 0.002 6 8.11111 160 1.5 1 6 12.4984 6.28994 1.2 0 0 12.2062 8.82248 1.2 0 7 12.2341 5.72056 1.2 0 12 10.4742 6.48035 1.2 1 11 12.5039 5.51089 1.2 1 13 10.2124 9.0209 1.20248 
30 0.002 6 8.11111 160 1.5 1 6 12.4984 6.28994 1.2 0 0 12.2062 8.82248 1.2 0 7 12.2341 5.72056 1.2 0 12 10.4742 6.48035 1.2 0 11 12.5039 5.51089 1.2 1 13 10.2124 9.0209 1.20248 
31 0.002 6 8.11111 160 1.5 1 6 12.4984 6.28994 1.2 0 0 12.2062 8.82248 1.2 1 7 12.2341 5.72056 1.2 1 12 10.4742 6.48035 1.2 0 11 12.5039 5.51089 1.2 1 13 10.2124 9.0209 1.20248 
32 0.002 6 8.11111 160 1.5 1 6 12.4984 6.28994 1.2 0 0 12.2062 8.82248 1.2 0 7 12.2341 5.72056 1.2 0 12 10.4742 6.48035 1.2 1 11 12.5039 5.51089 1.2 1 13 10.2124 9.0209 1.20248 
33 0.002 6 8.11111 160 1.5 2 6 12.4984 6.28994 1.2 0 0 12.2062 8.82248 1.2 0 7 12.2341 5.72056 1.2 0 12 10.4742 6.48035 1.2 1 11 12.5039 5.51089 1.2 1 13 10.2124 9.0209 1.20248 
34 0.002 6 8.11111 160 1.5 1 6 12.4984 6.28994 1.2 0 0 12.2062 8.82248 1.2 0 7 12.2341 5.72056 1.2 0 12 10.4742 6.48035 1.2 1 11 12.5039 5.51089 1.2 1 13 10.2124 9.0209 1.20248 
35 0.002 6 8.11111 160 1.5 1 6 12.4984 6.28994 1.2 0 0 12.2062 8.82248 1.2 0 7 12.2341 5.72056 1.2 0 12 10.4742 6.48035 1.2 1 11 12.5039 5.51089 1.2 1 13 10.2124 9.0209 1.20248 
36 0.002 6 8.11111 160 1.5 1 6 12.4984 6.28994 1.2 0 0 12.2062 8.82248 1.2 1 7 12.2341 5.72056 1.2 0 12 10.4742 6.48035 1.2 1 11 12.5039 5.51089 1.2 1 13 10.2124 9.0209 1.20248 
37 0.002 6 8.11111 160 1.5 1 6 12.4984 6.28994 1.2 2 0 12.2062 8.82248 1.2 0 7 12.2341 5.72056 1.2 0 12 10.4742 6.48035 1.2 1 11 12.5039 5.51089 1.2 1 13 10.2124 9.0209 1.20248 
38 0.002 6 8.11111 160 1.5 1 6 12.4984 6.28994 1.2 0 0 12.2062 8.82248 1.2 0 7 12.2341 5.72056 1.2 0 12 10.4742 6.48035 1.2 1 11 12.5039 5.51089 1.2 1 13 10.2124 9.0209 1.20248 
39 0.002 6 8.11111 160 1.5 1 6 12.4984 6.28994 1.2 0 0 12.2062 8.82248 1.2 2 7 12.2341 5.72056 1.2 0 12 10.4742 6.48035 1.2 1 11 12.5039 5.51089 1.2 1 13 10.2124 9.0209 1.20248 
40 0.002 6 8.11111 160 1.5 1 6 12.4984 6.28994 1.2 0 0 12.2062 8.82248 1.2 0 7 12.2341 5.72056 1.2 2 12 10.4742 6.48035 1.2 1 11 12.5039 5.51089 1.2 1 13 10.2124 9.0209 1.20248 
41 0.002 6 8.11111 160 1.5 1 6 12.4984 6.28994 1.2 0 0 12.2062 8.82248 1.2 0 7 12.2341 5.72056 1.2 0 12 10.4742 6.48035 1.2 1 11 12.5039 5.51089 1.2 1 13 10.2124 9.0209 1.20248 
42 0.002 6 8.11111 160 1.5 1 6 12.4984 6.28994 1.2 0 0 12.2062 8.82248 1.2 0 7 12.2341 5.72056 1.2 0 12 10.4742 6.48035 1.2 1 11 12.5039 5.51089 1.2 1 13 10.2124 9.0209 1.20248 
43 0.002 6 8.11111 160 1.5 1 6 12.4984 6.28994 1.2 2 0 12.2062 8.82248 1.2 0 7 12.2341 5.72056 1.2 0 12 10.4742 6.48035 1.2 1 11 12.5039 5.51089 1.2 1 13 10.2124 9.0209 1.20248 
44 0.002 6 8.11111 160 1.5 2 6 12.4984 6.28994 1.2 1 0 12.2062 8.82248 1.2 0 7 12.2341 5.72056 1.2 1 12 10.4742 6.48035 1.2 0 11 12.5039 5.51089 1.2 1 13 10.2124 9.0209 1.20248 
45 0.002 6 8.11111 160 1.5 1 6 12.4984 6.28994 1.2 0 0 12.2062 8.82248 1.2 0 7 12.2341 5.72056 1.2 2 12 10.4742 6.48035 1.2 1 11 12.5039 5.51089 1.2 1 13 10.2124 9.0209 1.20248 
46 0.002 6 8.11111 160 1.5 1 6 12.4984 6.28994 1.2 1 0 12.2062 8.82248 1.2 0 7 12.2341 5.72056 1.2 0 12 10.4742 6.48035 1.2 0 11 12.5039 5.51089 1.2 1 13 10.2124 9.0209 1.20248 
47 0.002 6 8.11111 160 1.5 1 6 12.4984 6.28994 1.2 1 0 12.2062 8.82248 1.2 0 7 12.2341 5.72056 1.2 0 12 10.4742 6.48035 1.2 1 11 12.5039 5.51089 1.2 1 13 10.2124 9.0209 1.20248 
48 0.002 6 8.11111 160 1.5 1 6 12.4984 6.28994 1.2 0 0 12.2062 8.82248 1.2 0 7 12.2341 5.72056 1.2 0 12 10.4742 6.48035 1.2 1 11 12.5039 5.51089 1.2 1 13 10.2124 9.0209 1.20248 
49 0.002 6 8.11111 160 1.5 1 6 12.4984 6.28994 1.2 0 0 12.2062 8.82248 1.2 0 7 12.2341 5.72056 1.2 0 12 10.4742 6.48035 1.2 1 11 12.5039 5.51089 1.2 1 13 10.2124 9.0209 1.20248 
50 0.002 6 8.11111 160 1.5 2 6 12.4984 6.28994 1.2 0 0 12.2062 8.82248 1.2 0 7 12.2341 5.72056 1.2 0 12 10.4742 6.48035 1.2 1 11 12.5039 5.51089 1.2 1 13 10.2124 9.0209 1.20248 
51 0.002 6 8.11111 160 1.5 1 6 12.4984 6.28994 1.2 0 0 12.2062 8.82248 1.2 1 7 12.2341 5.72056 1.2 0 12 10.4742 6.48035 1.2 1 11 12.5039 5.51089 1.2 1 13 10.2124 9.0209 1.20248 
52 0.002 6 8.11111 160 1.5 1 6 12.4984 6.28994 1.2 0 0 12.2062 8.82248 1.2 0 7 12.2341 5.72056 1.2 1 12 10.4742 6.48035 1.2 1 11 12.5039 5.51089 1.2 1 13 10.2124 9.0209 1.20248 
53 0.002 6 8.11111 160 1.5 1 6 12.4984 6.28994 1.2 0 0 12.2062 8.82248 1.2 0 7 12.2341 5.72056 1.2 1 12 10.4742 6.48035 1.2 1 11 12.5039 5.51089 1.2 1 13 10.2124 9.0209 1.20248 
54 0.002 6 8.11111 160 1.5 1 6 12.4984 6.28994 1.2 0 0 12.2062 8.82248 1.2 0 7 12.2341 5.72056 1.2 0 12 10.4742 6.48035 1.2 1 11 12.5039 5.51089 1.2 1 13 10.2124 9.0209 1.20248 
55 0.002 6 8.11111 160 1.5 1 6 12.4984 6.28994 1.2 0 0 12.2062 8.82248 1.2 2 7 12.2341 5.72056 1.2 0 12 10.4742 6.48035 1.2 1 11 12.5039 5.51089 1.2 1 13 10.2124 9.0209 1.20248 
56 0.002 6 8.11111 160 1.5 1 6 12.4984 6.28994 1.2 0 0 12.2062 8.82248 1.2 1 7 12.2341 5.72056 1.2 0 12 10.4742 6.48035 1.2 1 11 12.5039 5.51089 1.2 1 13 10.2124 9.0209 1.20248 
57 0.002 6 8.11111 160 1.5 1 6 12.4984 6.28994 1.2 0 0 12.2062 8.82248 1.2 0 7 12.2341 5.72056 1.2 0 12 10.4742 6.48035 1.2 1 11 12.5039 5.51089 1.2 1 13 10.2124 9.0209 1.20248 
58 0.002 6 8.11111 160 1.5 1 6 12.4984 6.28994 1.2 0 0 12.2062 8.82248 1.2 0 7 12.2341 5.72056 1.2 1 12 10.4742 6.48035 1.2 1 11 12.5039 5.51089 1.2 1 13 10.2124 9.0209 1.20248 
59 0.002 6 8.11111 160 1.5 1 6 12.4984 6.28994 1.2 0 0 12.2062 8.82248 1.2 0 7 12.2341 5.72056 1.2 0 12 10.4742 6.48035 1.2 1 11 12.5039 5.51089 1.2 1 13 10.2124 9.0209 1.20248 
60 0.002 6 8.11111 160 1.5 1 6 12.4984 6.28994 1.2 0 0 12.2062 8.82248 1.2 0 7 12.2341 5.72056 1.2 0 12 10.4742 6.48035 1.2 1 11 12.5039 5.51089 1.2 1 13 10.2124 9.0209 1.20248 
61 0.002 6 8.11111 160 1.5 1 6 12.4984 6.28994 1.2 0 0 12.2062 8.82248 1.2 1 7 12.2341 5.72056 1.2 0 12 10.4742 6.48035 1.2 1 11 12.5039 5.51089 1.2 1 13 10.2124 9.0209 1.20248 
62 0.002 6 8.11111 160 1.5 1 6 12.4984 6.28994 1.2 0 0 12.2062 8.82248 1.2 0 7 12.2341 5.72056 1.2 0 12 10.4742 6.48035 1.2 1 11 12.5039 5.51089 1.2 1 13 10.2124 9.0209 1.20248 
63 0.002 6 8.11111 160 1.5 1 6 12.4984 6.28994 1.2 0 0 12.2062 8.82248 1.2 1 7 12.2341 5.72056 1.2 0 12 10.4742 6.48035 1.2 1 11 12.5039 5.51089 1.2 1 13 10.2124 9.0209 1.20248 
64 0.002 6 8.11111 160 1.5 1 6 12.4984 6.28994 1.2 0 0 12.2062 8.82248 1.2 0 7 12.2341 5.72056 1.2 0 12 10.4742 6.48035 1.2 1 11 12.5039 5.51089 1.2 0 13 10.2124 9.0209 1.20248 
65 0.002 6 8.11111 160 1.5 1 6 12.4984 6.28994 1.2 0 0 12.2062 8.82248 1.2 0 7 12.2341 5.72056 1.2 0 12 10.4742 6.48035 1.2 0 11 12.5039 5.51089 1.2 1 13 10.2124 9.0209 1.20248 
66 0.002 6 8.11111 160 1.5 1 6 12.4984 6.28994 1.2 0 0 12.2062 8.82248 1.2 0 7 12.2341 5.72056 1.2 0 12 10.4742 6.48035 1.2 1 11 12.5039 5.51089 1.2 0 13 10.2124 9.0209 1.20248 
67 0.002 6 8.11111 160 1.5 1 6 12.4984 6.28994 1.2 0 0 12.2062 8.82248 1.2 0 7 12.2341 5.72056 1.2 0 12 10.4742 6.48035 1.2 1 11 12.5039 5.51089 1.2 1 13 10.2124 9.0209 1.20248 
68 0.002 6 8.11111 160 1.5 1 6 12.4984 6.28994 1.2 0 0 12.2062 8.82248 1.2 0 7 12.2341 5.72056 1.2 0 12 10.4742 6.48035 1.2 1 11 12.5039 5.51089 1.2 1 13 10.2124 9.0209 1.20248 
69 0.002 6 8.11111 160 1.5 1 6 12.4984 6.28994 1.2 0 0 12.2062 8.82248 1.2 0 7 12.2341 5.72056 1.2 0 12 10.4742 6.48035 1.2 1 11 12.5039 5.51089 1.2 1 13 10.2124 9.0209 1.20248 
70 0.002 6 8.11111 160 1.5 0 6 12.4984 6.28994 1.2 1 0 12.2062 8.82248 1.2 1 7 12.2341 5.72056 1.2 0 12 10.4742 6.48035 1.2 1 11 12.5039 5.51089 1.2 1 13 10.2124 9.0209 1.20248 
71 0.002 6 8.11111 160 1.5 1 6 12.4984 6.28994 1.2 0 0 12.2062 8.82248 1.2 0 7 12.2341 5.72056 1.2 1 12 10.4742 6.48035 1.2 1 11 12.5039 5.51089 1.2 1 13 10.2124 9.0209 1.20248 
72 0.002 6 8.11111 160 1.5 1 6 12.4984 6.28994 1.2 0 0 12.2062 8.82248 1.2 0 7 12.2341 5.72056 1.2 1 12 10.4742 6.48035 1.2 1 11 12.5039 5.51089 1.2 1 13 10.2124 9.0209 1.20248 
73 0.002 6 8.11111 160 1.5 1 6 12.4984 6.28994 1.2 1 0 12.2062 8.82248 1.2 0 7 12.2341 5.72056 1.2 0 12 10.4742 6.48035 1.2 1 11 12.5039 5.51089 1.2 1 13 10.2124 9.0209 1.20248 
74 0.002 6 8.11111 160 1.5 1 6 12.4984 6.28994 1.2 0 0 12.2062 8.82248 1.2 1 7 12.2341 5.72056 1.2 0 12 10.4742 6.48035 1.2 1 11 12.5039 5.51089 1.2 1 13 10.2124 9.0209 1.20248 
75 0.002 6 8.11111 160 1.5 1 6 12.4984 6.28994 1.2 0 0 12.2062 8.82248 1.2 0 7 12.2341 5.72056 1.2 0 12 10.4742 6.48035 1.2 1 11 12.5039 5.51089 1.2 2 13 10.2124 9.0209 1.20248 
76 0.002 6 8.11111 160 1.5 1 6 12.4984 6.28994 1.2 0 0 12.2062 8.82248 1.2 0 7 12.2341 5.72056 1.2 0 12 10.4742 6.48035 1.2 1 11 12.5039 5.51089 1.2 1 13 10.2124 9.0209 1.20248 
77 0.002 6 8.11111 160 1.5 1 6 12.4984 6.28994 1.2 0 0 12.2062 8.82248 1.2 0 7 12.2341 5.72056 1.2 0 12 10.4742 6.48035 1.2 1 11 12.5039 5.51089 1.2 1 13 10.2124 9.0209 1.20248 
78 0.002 6 8.11111 160 1.5 1 6 12.4984 6.28994 1.2 0 0 12.2062 8.82248 1.2 0 7 12.2341 5.72056 1.2 0 12 10.4742 6.48035 1.2 1 11 12.5039 5.51089 1.2 1 13 10.2124 9.0209 1.20248 
79 0.002 6 8.11111 160 1.5 1 6 12.4984 6.28994 1.2 2 0 12.2062 8.82248 1.2 0 7 12.2341 5.72056 1.2 0 12 10.4742 6.48035 1.2 0 11 12.5039 5.51089 1.2 1 13 10.2124 9.0209 1.20248 
80 0.002 6 8.11111 160 1.5 1 6 12.4984 6.28994 1.2 0 0 12.2062 8.82248 1.2 0 7 12.2341 5.72056 1.2 0 12 10.4742 6.48035 1.2 1 11 12.5039 5.51089 1.2 1 13 10.2124 9.0209 1.20248 
81 0.002 6 8.11111 160 1.5 1 6 12.4984 6.28994 1.2 1 0 12.2062 8.82248 1.2 1 7 12.2341 5.72056 1.2 0 12 10.4742 6.48035 1.2 1 11 12.5039 5.51089 1.2 1 13 10.2124 9.0209 1.20248 
82 0.002 6 8.11111 160 1.5 1 6 12.4984 6.28994 1.2 0 0 12.2062 8.82248 1.2 0 7 12.2341 5.72056 1.2 0 12 10.4742 6.48035 1.2 1 11 12.5039 5.51089 1.2 1 13 10.2124 9.0209 1.20248 
83 0.002 6 8.11111 160 1.5 1 6 12.4984 6.28994 1.2 0 0 12.2062 8.82248 1.2 0 7 12.2341 5.72056 1.2 1 12 10.4742 6.48035 1.2 1 11 12.5039 5.51089 1.2 1 13 10.2124 9.0209 1.20248 
84 0.002 6 8.11111 160 1.5 1 6 12.4984 6.28994 1.2 0 0 12.2062 8.82248 1.2 0 7 12.2341 5.72056 1.2 0 12 10.4742 6.48035 1.2 1 11 12.5039 5.51089 1.2 1 13 10.2124 9.0209 1.20248 
85 0.002 6 8.11111 160 1.5 1 6 12.4984 6.28994 1.2 0 0 12.2062 8.82248 1.2 0 7 12.2341 5.72056 1.2 0 12 10.4742 6.48035 1.2 1 11 12.5039 5.51089 1.2 1 13 10.2124 9.0209 1.20248 
86 0.002 6 8.11111 160 1.5 1 6 12.4984 6.28994 1.2 0 0 12.2062 8.82248 1.2 1 7 12.2341 5.72056 1.2 0 12 10.4742 6.48035 1.2 1 11 12.5039 5.51089 1.2 1 13 10.2124 9.0209 1.20248 
87 0.002 6 8.11111 160 1.5 1 6 12.4984 6.28994 1.2 0 0 12.2062 8.82248 1.2 0 7 12.2341 5.72056 1.2 1 12 10.4742 6.48035 1.2 1 11 12.5039 5.51089 1.2 1 13 10.2124 9.0209 1.20248 
88 0.002 6 8.11111 160 1.5 1 6 12.4984 6.28994 1.2 0 0 12.2062 8.82248 1.2 0 7 12.2341 5.72056 1.2 0 12 10.4742 6.48035 1.2 1 11 12.5039 5.51089 1.2 1 13 10.2124 9.0209 1.20248 
89 0.002 6 8.11111 160 1.5 1 6 12.4984 6.28994 1.2 0 0 12.2062 8.82248 1.2 0 7 12.2341 5.72056 1.2 1 12 10.4742 6.48035 1.2 0 11 12.5039 5.51089 1.2 1 13 10.2124 9.0209 1.20248 
90 0.002 6 8.11111 160 1.5 1 6 12.4984 6.28994 1.2 0 0 12.2062 8.82248 1.2 0 7 12.2341 5.72056 1.2 0 12 10.4742 6.48035 1.2 1 11 12.5039 5.51089 1.2 1 13 10.2124 9.0209 1.20248 
91 0.002 6 8.11111 160 1.5 1 6 12.4984 6.28994 1.2 0 0 12.2062 8.82248 1.2 1 7 12.2341 5.72056 1.2 0 12 10.4742 6.48035 1.2 1 11 12.5039 5.51089 1.2 1 13 10.2124 9.0209 1.20248 
92 0.002 6 8.11111 160 1.5 1 6 12.4984 6.28994 1.2 0 0 12.2062 8.82248 1.2 1 7 12.2341 5.72056 1.2 0 12 10.4742 6.48035 1.2 1 11 12.5039 5.51089 1.2 1 13 10.2124 9.0209 1.20248 
93 0.002 6 8.11111 160 1.5 1 6 12.4984 6.28994 1.2 1 0 12.2062 8.82248 1.2 2 7 12.2341 5.72056 1.2 0 12 10.4742 6.48035 1.2 0 11 12.5039 5.51089 1.2 0 13 10.2124 9.0209 1.20248 
94 0.002 6 8.11111 160 1.5 2 6 12.4984 6.28994 1.2 0 0 12.2062 8.82248 1.2 1 7 12.2341 5.72056 1.2 0 12 10.4742 6.48035 1.2 1 11 12.5039 5.51089 1.2 1 13 10.2124 9.0209 1.20248 
95 0.002 6 8.11111 160 1.5 1 6 12.4984 6.28994 1.2 0 0 12.2062 8.82248 1.2 0 7 12.2341 5.72056 1.2 0 12 10.4742 6.48035 1.2 1 11 12.5039 5.51089 1.2 1 13 10.2124 9.0209 1.20248 
96 0.002 6 8.11111 160 1.5 1 6 12.4984 6.28994 1.2 1 0 12.2062 8.82248 1.2 0 7 12.2341 5.72056 1.2 0 12 10.4742 6.48035 1.2 1 11 12.5039 5.51089 1.2 1 13 10.2124 9.0209 1.20248 
97 0.002 6 8.11111 160 1.5 1 6 12.4984 6.28994 1.2 0 0 12.2062 8.82248 1.2 0 7 12.2341 5.72056 1.2 0 12 10.4742 6.48035 1.2 1 11 12.5039 5.51089 1.2 2 13 10.2124 9.0209 1.20248 
98 0.002 6 8.11111 160 1.5 1 6 12.4984 6.28994 1.2 0 0 12.2062 8.82248 1.2 0 7 12.2341 5.72056 1.2 0 12 10.4742 6.48035 1.2 1 11 12.5039 5.51089 1.2 1 13 10.2124 9.0209 1.20248 
99 0.002 6 8.11111 160 1.5 1 6 12.4984 6.28994 1.2 0 0 12.2062 8.82248 1.2 0 7 12.2341 5.72056 1.2 0 12 10.4742 6.48035 1.2 1 11 12.5039 5.51089 1.2 1 13 10.2124 9.0209 1.20248 
100 0.002 6 8.11111 160 1.5 1 6 12.4984 6.28994 1.2 1 0 12.2062 8.82248 1.2 0 7 12.2341 5.72056 1.2 0 12 10.4742 6.48035 1.2 1 11 12.5039 5.51089 1.2 1 13 10.2124 9.0209 1.20248 
101 0.002 6 8.11111 160 1.5 1 6 12.4984 6.28994 1.2 0 0 12.2062 8.82248 1.2 0 7 12.2341 5.72056 1.2 0 12 10.4742 6.48035 1.2 1 11 12.5039 5.51089 1.2 1 13 10.2124 9.0209 1.20248 
102 0.002 6 8.11111 160 1.5 1 6 12.4984 6.28994 1.2 0 0 12.2062 8.82248 1.2 1 7 12.2341 5.72056 1.2 0 12 10.4742 6.48035 1.2 1 11 12.5039 5.51089 1.2 1 13 10.2124 9.0209 1.20248 
103 0.002 6 8.11111 160 1.5 1 6 12.4984 6.28994 1.2 1 0 12.2062 8.82248 1.2 0 7 12.2341 5.72056 1.2 0 12 10.4742 6.48035 1.2 1 11 12.5039 5.51089 1.2 1 13 10.2124 9.0209 1.20248 
104 0.002 6 8.11111 160 1.5 1 6 12.4984 6.28994 1.2 1 0 12.2062 8.82248 1.2 2 7 12.2341 5.72056 1.2 0 12 10.4742 6.48035 1.2 1 11 12.5039 5.51089 1.2 1 13 10.2124 9.0209 1.20248 
105 0.002 6 8.11111 160 1.5 1 6 12.4984 6.28994 1.2 0 0 12.2062 8.82248 1.2 0 7 12.2341 5.72056 1.2 0 12 10.4742 6.48035 1.2 1 11 12.5039 5.51089 1.2 1 13 10.2124 9.0209 1.20248 
106 0.002 6 8.11111 160 1.5 1 6 12.4984 6.28994 1.2 0 0 12.2062 8.82248 1.2 0 7 12.2341 5.72056 1.2 0 12 10.4742 6.48035 1.2 0 11 12.5039 5.51089 1.2 1 13 10.2124 9.0209 1.20248 
107 0.002 6 8.11111 160 1.5 1 6 12.4984 6.28994 1.2 0 0 12.2062 8.82248 1.2 0 7 12.2341 5.72056 1.2 0 12 10.4742 6.48035 1.2 1 11 12.5039 5.51089 1.2 1 13 10.2124 9.0209 1.20248 
108 0.002 6 8.11111 160 1.5 1 6 12.4984 6.28994 1.2 0 0 12.2062 8.82248 1.2 0 7 12.2341 5.72056 1.2 0 12 10.4742 6.48035 1.2 1 11 12.5039 5.51089 1.2 1 13 10.2124 9.0209 1.20248 
109 0.002 6 8.11111 160 1.5 1 6 12.4984 6.28994 1.2 0 0 12.2062 8.82248 1.2 0 7 12.2341 5.72056 1.2 0 12 10.4742 6.48035 1.2 1 11 12.5039 5.51089 1.2 1 13 10.2124 9.0209 1.20248 
110 0.002 6 8.11111 160 1.5 1 6 12.4984 6.28994 1.2 0 0 12.2062 8.82248 1.2 0 7 12.2341 5.72056 1.2 0 12 10.4742 6.48035 1.2 0 11 12.5039 5.51089 1.2 1 13 10.2124 9.0209 1.20248 
111 0.002 6 8.11111 160 1.5 1 6 12.4984 6.28994 1.2 0 0 12.2062 8.82248 1.2 0 7 12.2341 5.72056 1.2 0 12 10.4742 6.48035 1.2 1 11 12.5039 5.51089 1.2 1 13 10.2124 9.0209 1.20248 
112 0.002 6 8.11111 160 1.5 1 6 12.4984 6.28994 1.2 0 0 12.2062 8.82248 1.2 1 7 12.2341 5.72056 1.2 0 12 10.4742 6.48035 1.2 1 11 12.5039 5.51089 1.2 1 13 10.2124 9.0209 1.20248 
113 0.002 6 8.11111 160 1.5 1 6 12.4984 6.28994 1.2 0 0 12.2062 8.82248 1.2 0 7 12.2341 5.72056 1.2 2 12 10.4742 6.48035 1.2 1 11 12.5039 5.51089 1.2 1 13 10.2124 9.0209 1.20248 
114 0.002 6 8.11111 160 1.5 1 6 12.4984 6.28994 1.2 0 0 12.2062 8.82248 1.2 0 7 12.2341 5.72056 1.2 0 12 10.4742 6.48035 1.2 1 11 12.5039 5.51089 1.2 1 13 10.2124 9.0209 1.20248 
115 0.002 6 8.11111 160 1.5 1 6 12.4984 6.28994 1.2 0 0 12.2062 8.82248 1.2 2 7 12.2341 5.72056 1.2 1 12 10.4742 6.48035 1.2 1 11 12.5039 5.51089 1.2 1 13 10.2124 9.0209 1.20248 
116 0.002 6 8.11111 160 1.5 1 6 12.4984 6.28994 1.2 0 0 12.2062 8.82248 1.2 1 7 12.2341 5.72056 1.2 1 12 10.4742 6.48035 1.2 1 11 12.5039 5.51089 1.2 1 13 10.2124 9.0209 1.20248 
117 0.002 6 8.11111 160 1.5 1 6 12.4984 6.28994 1.2 0 0 12.2062 8.82248 1.2 0 7 12.2341 5.72056 1.2 0 12 10.4742 6.48035 1.2 1 11 12.5039 5.51089 1.2 2 13 10.2124 9.0209 1.20248 
118 0.002 6 8.11111 160 1.5 1 6 12.4984 6.28994 1.2 0 0 12.2062 8.82248 1.2 0 7 12.2341 5.72056 1.2 0 12 10.4742 6.48035 1.2 1 11 12.5039 5.51089 1.2 1 13 10.2124 9.0209 1.20248 
119 0.002 6 8.11111 160 1.5 1 6 12.4984 6.28994 1.2 0 0 12.2062 8.82248 1.2 0 7 12.2341 5.72056 1.2 0 12 10.4742 6.48035 1.2 1 11 12.5039 5.51089 1.2 1 13 10.2124 9.0209 1.20248 
120 0.002 6 8.11111 160 1.5 1 6 12.4984 6.28994 1.2 0 0 12.2062 8.82248 1.2 0 7 12.2341 5.72056 1.2 0 12 10.4742 6.48035 1.2 1 11 12.5039 5.51089 1.2 1 13 10.2124 9.0209 1.20248 
121 0.002 6 8.11111 160 1.5 1 6 12.4984 6.28994 1.2 0 0 12.2062 8.82248 1.2 1 7 12.2341 5.72056 1.2 1 12 10.4742 6.48035 1.2 1 11 12.5039 5.51089 1.2 1 13 10.2124 9.0209 1.20248 
122 0.002 6 8.11111 160 1.5 1 6 12.4984 6.28994 1.2 0 0 12.2062 8.82248 1.2 0 7 12.2341 5.72056 1.2 0 12 10.4742 6.48035 1.2 1 11 12.5039 5.51089 1.2 1 13 10.2124 9.0209 1.20248 
123 0.002 6 8.11111 160 1.5 1 6 12.4984 6.28994 1.2 1 0 12.2062 8.82248 1.2 0 7 12.2341 5.72056 1.2 1 12 10.4742 6.48035 1.2 1 11 12.5039 5.51089 1.2 1 13 10.2124 9.0209 1.20248 
124 0.002 6 8.11111 160 1.5 1 6 12.4984 6.28994 1.2 0 0 12.2062 8.82248 1.2 0 7 12.2341 5.72056 1.2 0 12 10.4742 6.48035 1.2 2 11 12.5039 5.51089 1.2 1 13 10.2124 9.0209 1.20248 
125 0.002 6 8.11111 160 1.5 1 6 12.4984 6.28994 1.2 0 0 12.2062 8.82248 1.2 0 7 12.2341 5.72056 1.2 0 12 10.4742 6.48035 1.2 1 11 12.5039 5.51089 1.2 1 13 10.2124 9.0209 1.20248 
126 0.002 6 8.11111 160 1.5 1 6 12.4984 6.28994 1.2 0 0 12.2062 8.82248 1.2 0 7 12.2341 5.72056 1.2 0 12 10.4742 6.48035 1.2 2 11 12.5039 5.51089 1.2 1 13 10.2124 9.0209 1.20248 
127 0.002 6 8.11111 160 1.5 1 6 12.4984 6.28994 1.2 1 0 12.2062 8.82248 1.2 1 7 12.2341 5.72056 1.2 0 12 10.4742 6.48035 1.2 1 11 12.5039 5.51089 1.2 1 13 10.2124 9.0209 1.20248 
128 0.002 6 8.11111 160 1.5 1 6 12.4984 6.28994 1.2 1 0 12.2062 8.82248 1.2 0 7 12.2341 5.72056 1.2 1 12 10.4742 6.48035 1.2 0 11 12.5039 5.51089 1.2 1 13 10.2124 9.0209 1.20248 
129 0.002 6 8.11111 160 1.5 1 6 12.4984 6.28994 1.2 0 0 12.2062 8.82248 1.2 0 7 12.2341 5.72056 1.2 0 12 10.4742 6.48035 1.2 0 11 12.5039 5.51089 1.2 1 13 10.2124 9.0209 1.20248 
130 0.002 6 8.11111 160 1.5 1 6 12.4984 6.28994 1.2 2 0 12.2062 8.82248 1.2 0 7 12.2341 5.72056 1.2 1 12 10.4742 6.48035 1.2 1 11 12.5039 5.51089 1.2 1 13 10.2124 9.0209 1.20248 
131 0.002 6 8.11111 160 1.5 1 6 12.4984 6.28994 1.2 0 0 12.2062 8.82248 1.2 2 7 12.2341 5.72056 1.2 1 12 10.4742 6.48035 1.2 1 11 12.5039 5.51089 1.2 1 13 10.2124 9.0209 1.20248 
132 0.002 6 8.11111 160 1.5 1 6 12.4984 6.28994 1.2 0 0 12.2062 8.82248 1.2 0 7 12.2341 5.72056 1.2 0 12 10.4742 6.48035 1.2 1 11 12.5039 5.51089 1.2 1 13 10.2124 9.0209 1.20248 
133 0.002 6 8.11111 160 1.5 1 6 12.4984 6.28994 1.2 2 0 12.2062 8.82248 1.2 0 7 12.2341 5.72056 1.2 0 12 10.4742 6.48035 1.2 1 11 12.5039 5.51089 1.2 1 13 10.2124 9.0209 1.20248 
134 0.002 6 8.11111 160 1.5 1 6 12.4984 6.28994 1.2 2 0 12.2062 8.82248 1.2 0 7 12.2341 5.72056 1.2 2 12 10.4742 6.48035 1.2 1 11 12.5039 5.51089 1.2 1 13 10.2124 9.0209 1.20248 
135 0.002 6 8.11111 160 1.5 1 6 12.4984 6.28994 1.2 0 0 12.2062 8.82248 1.2 0 7 12.2341 5.72056 1.2 0 12 10.4742 6.48035 1.2 1 11 12.5039 5.51089 1.2 1 13 10.2124 9.0209 1.20248 
136 0.002 6 8.11111 160 1.5 1 6 12.4984 6.28994 1.2 0 0 12.2062 8.82248 1.2 0 7 12.2341 5.72056 1.2 0 12 10.4742 6.48035 1.2 1 11 12.5039 5.51089 1.2 1 13 10.2124 9.0209 1.20248 
137 0.002 6 8.11111 160 1.5 1 6 12.4984 6.28994 1.2 0 0 12.2062 8.82248 1.2 2 7 12.2341 5.72056 1.2 0 12 10.4742 6.48035 1.2 1 11 12.5039 5.51089 1.2 1 13 10.2124 9.0209 1.20248 
138 0.002 6 8.11111 160 1.5 1 6 12.4984 6.28994 1.2 0 0 12.2062 8.82248 1.2 0 7 12.2341 5.72056 1.2 0 12 10.4742 6.48035 1.2 1 11 12.5039 5.51089 1.2 1 13 10.2124 9.0209 1.20248 
139 0.002 6 8.11111 160 1.5 1 6 12.4984 6.28994 1.2 2 0 12.2062 8.82248 1.2 0 7 12.2341 5.72056 1.2 0 12 10.4742 6.48035 1.2 1 11 12.5039 5.51089 1.2 1 13 10.2124 9.0209 1.20248 
140 0.002 6 8.11111 160 1.5 1 6 12.4984 6.28994 1.2 0 0 12.2062 8.82248 1.2 0 7 12.2341 5.72056 1.2 2 12 10.4742 6.48035 1.2 1 11 12.5039 5.51089 1.2 2 13 10.2124 9.0209 1.20248 
141 0.002 6 8.11111 160 1.5 1 6 12.4984 6.28994 1.2 0 0 12.2062 8.82248 1.2 0 7 12.2341 5.72056 1.2 0 12 10.4742 6.48035 1.2 1 11 12.5039 5.51089 1.2 1 13 10.2124 9.0209 1.20248 
142 0.002 6 8.11111 160 1.5 1 6 12.4984 6.28994 1.2 1 0 12.2062 8.82248 1.2 1 7 12.2341 5.72056 1.2 0 12 10.4742 6.48035 1.2 1 11 12.5039 5.51089 1.2 1 13 10.2124 9.0209 1.20248 
143 0.002 6 8.11111 160 1.5 1 6 12.4984 6.28994 1.2 2 0 12.2062 8.82248 1.2 0 7 12.2341 5.72056 1.2 0 12 10.4742 6.48035 1.2 0 11 12.5039 5.51089 1.2 1 13 10.2124 9.0209 1.20248 
144 0.002 6 8.11111 160 1.5 1 6 12.4984 6.28994 1.2 0 0 12.2062 8.82248 1.2 0 7 12.2341 5.72056 1.2 0 12 10.4742 6.48035 1.2 1 11 12.5039 5.51089 1.2 1 13 10.2124 9.0209 1.20248 
145 0.002 6 8.11111 160 1.5 1 6 12.4984 6.28994 1.2 0 0 12.2062 8.82248 1.2 2 7 12.2341 5.72056 1.2 0 12 10.4742 6.48035 1.2 1 11 12.5039 5.51089 1.2 1 13 10.2124 9.0209 1.20248 
146 0.002 6 8.11111 160 1.5 1 6 12.4984 6.28994 1.2 0 0 12.2062 8.82248 1.2 0 7 12.2341 5.72056 1.2 0 12 10.4742 6.48035 1.2 1 11 12.5039 5.51089 1.2 1 13 10.2124 9.0209 1.20248 
147 0.002 6 8.11111 160 1.5 1 6 12.4984 6.28994 1.2 0 0 12.2062 8.82248 1.2 0 7 12.2341 5.72056 1.2 0 12 10.4742 6.48035 1.2 1 11 12.5039 5.51089 1.2 1 13 10.2124 9.0209 1.20248 
148 0.002 6 8.11111 160 1.5 1 6 12.4984 6.28994 1.2 0 0 12.2062 8.82248 1.2 1 7 12.2341 5.72056 1.2 0 12 10.4742 6.48035 1.2 1 11 12.5039 5.51089 1.2 1 13 10.2124 9.0209 1.20248 
149 0.002 6 8.11111 160 1.5 1 6 12.4984 6.28994 1.2 0 0 12.2062 8.82248 1.2 0 7 12.2341 5.72056 1.2 0 12 10.4742 6.48035 1.2 1 11 12.5039 5.51089 1.2 1 13 10.2124 9.0209 1.20248 
150 0.002 6 8.11111 160 1.5 1 6 12.4984 6.28994 1.2 0 0 12.2062 8.82248 1.2 0 7 12.2341 5.72056 1.2 0 12 10.4742 6.48035 1.2 1 11 12.5039 5.51089 1.2 1 13 10.2124 9.0209 1.20248 
151 0.002 6 8.11111 160 1.5 1 6 12.4984 6.28994 1.2 0 0 12.2062 8.82248 1.2 0 7 12.2341 5.72056 1.2 2 12 10.4742 6.48035 1.2 1 11 12.5039 5.51089 1.2 1 13 10.2124 9.0209 1.20248 
152 0.002 6 8.11111 160 1.5 1 6 12.4984 6.28994 1.2 0 0 12.2062 8.82248 1.2 0 7 12.2341 5.72056 1.2 0 12 10.4742 6.48035 1.2 2 11 12.5039 5.51089 1.2 1 13 10.2124 9.0209 1.20248 
153 0.002 6 8.11111 160 1.5 1 6 12.4984 6.28994 1.2 0 0 12.2062 8.82248 1.2 1 7 12.2341 5.72056 1.2 0 12 10.4742 6.48035 1.2 1 11 12.5039 5.51089 1.2 1 13 10.2124 9.0209 1.20248 
154 0.002 6 8.11111 160 1.5 1 6 12.4984 6.28994 1.2 1 0 12.2062 8.82248 1.2 0 7 12.2341 5.72056 1.2 1 12 10.4742 6.48035 1.2 1 11 12.5039 5.51089 1.2 1 13 10.2124 9.0209 1.20248 
155 0.002 6 8.11111 160 1.5 1 6 12.4984 6.28994 1.2 0 0 12.2062 8.82248 1.2 0 7 12.2341 5.72056 1.2 1 12 10.4742 6.48035 1.2 1 11 12.5039 5.51089 1.2 1 13 10.2124 9.0209 1.20248 
156 0.002 6 8.11111 160 1.5 1 6 12.4984 6.28994 1.2 0 0 12.2062 8.82248 1.2 0 7 12.2341 5.72056 1.2 0 12 10.4742 6.48035 1.2 1 11 12.5039 5.51089 1.2 1 13 10.2124 9.0209 1.20248 
157 0.002 6 8.11111 160 1.5 1 6 12.4984 6.28994 1.2 1 0 12.2062 8.82248 1.2 0 7 12.2341 5.72056 1.2 0 12 10.4742 6.48035 1.2 1 11 12.5039 5.51089 1.2 1 13 10.2124 9.0209 1.20248 
158 0.002 6 8.11111 160 1.5 1 6 12.4984 6.28994 1.2 0 0 12.2062 8.82248 1.2 0 7 12.2341 5.72056 1.2 0 12 10.4742 6.48035 1.2 1 11 12.5039 5.51089 1.2 1 13 10.2124 9.0209 1.20248 
159 0.002 6 8.11111 160 1.5 1 6 12.4984 6.28994 1.2 0 0 12.2062 8.82248 1.2 1 7 12.2341 5.72056 1.2 0 12 10.4742 6.48035 1.2 1 11 12.5039 5.51089 1.2 1 13 10.2124 9.0209 1.20248 
160 0.002 6 8.11111 160 1.5 1 6 12.4984 6.28994 1.2 1 0 12.2062 8.82248 1.2 1 7 12.2341 5.72056 1.2 0 12 10.4742 6.48035 1.2 1 11 12.5039 5.51089 1.2 1 13 10.2124 9.0209 1.20248 
161 0.002 6 8.11111 160 1.5 1 6 12.4984 6.28994 1.2 1 0 12.2062 8.82248 1.2 0 7 12.2341 5.72056 1.2 0 12 10.4742 6.48035 1.2 1 11 12.5039 5.51089 1.2 1 13 10.2124 9.0209 1.20248 
162 0.002 6 8.11111 160 1.5 1 6 12.4984 6.28994 1.2 1 0 12.2062 8.82248 1.2 0 7 12.2341 5.72056 1.2 0 12 10.4742 6.48035 1.2 2 11 12.5039 5.51089 1.2 1 13 10.2124 9.0209 1.20248 
163 0.002 6 8.11111 160 1.5 1 6 12.4984 6.28994 1.2 0 0 12.2062 8.82248 1.2 0 7 12.2341 5.72056 1.2 0 12 10.4742 6.48035 1.2 1 11 12.5039 5.51089 1.2 1 13 10.2124 9.0209 1.20248 
164 0.002 6 8.11111 160 1.5 1 6 12.4984 6.28994 1.2 0 0 12.2062 8.82248 1.2 0 7 12.2341 5.72056 1.2 0 12 10.4742 6.48035 1.2 1 11 12.5039 5.51089 1.2 1 13 10.2124 9.0209 1.20248 
165 0.002 6 8.11111 160 1.5 1 6 12.4984 6.28994 1.2 0 0 12.2062 8.82248 1.2 0 7 12.2341 5.72056 1.2 2 12 10.4742 6.48035 1.2 1 11 12.5039 5.51089 1.2 1 13 10.2124 9.0209 1.20248 
166 0.002 6 8.11111 160 1.5 1 6 12.4984 6.28994 1.2 2 0 12.2062 8.82248 1.2 0 7 12.2341 5.72056 1.2 0 12 10.4742 6.48035 1.2 1 11 12.5039 5.51089 1.2 1 13 10.2124 9.0209 1.20248 
167 0.002 6 8.11111 160 1.5 1 6 12.4984 6.28994 1.2 0 0 12.2062 8.82248 1.2 1 7 12.2341 5.72056 1.2 0 12 10.4742 6.48035 1.2 1 11 12.5039 5.51089 1.2 1 13 10.2124 9.0209 1.20248 
168 0.002 6 8.11111 160 1.5 1 6 12.4984 6.28994 1.2 0 0 12.2062 8.82248 1.2 0 7 12.2341 5.72056 1.2 0 12 10.4742 6.48035 1.2 1 11 12.5039 5.51089 1.2 1 13 10.2124 9.0209 1.20248 
169 0.002 6 8.11111 160 1.5 1 6 12.4984 6.28994 1.2 0 0 12.2062 8.82248 1.2 0 7 12.2341 5.72056 1.2 0 12 10.4742 6.48035 1.2 1 11 12.5039 5.51089 1.2 1 13 10.2124 9.0209 1.20248 
170 0.002 6 8.11111 160 1.5 1 6 12.4984 6.28994 1.2 0 0 12.2062 8.82248 1.2 0 7 12.2341 5.72056 1.2 0 12 10.4742 6.48035 1.2 1 11 12.5039 5.51089 1.2 1 13 10.2124 9.0209 1.20248 
171 0.002 6 8.11111 160 1.5 1 6 12.4984 6.28994 1.2 0 0 12.2062 8.82248 1.2 0 7 12.2341 5.72056 1.2 1 12 10.4742 6.48035 1.2 1 11 12.5039 5.51089 1.2 1 13 10.2124 9.0209 1.20248 
172 0.002 6 8.11111 160 1.5 1 6 12.4984 6.28994 1.2 0 0 12.2062 8.82248 1.2 0 7 12.2341 5.72056 1.2 0 12 10.4742 6.48035 1.2 1 11 12.5039 5.51089 1.2 1 13 10.2124 9.0209 1.20248 
173 0.002 6 8.11111 160 1.5 2 6 12.4984 6.28994 1.2 0 0 12.2062 8.82248 1.2 0 7 12.2341 5.72056 1.2 0 12 10.4742 6.48035 1.2 1 11 12.5039 5.51089 1.2 1 13 10.2124 9.0209 1.20248 
174 0.002 6 8.11111 160 1.5 1 6 12.4984 6.28994 1.2 0 0 12.2062 8.82248 1.2 0 7 12.2341 5.72056 1.2 1 12 10.4742 6.48035 1.2 2 11 12.5039 5.51089 1.2 1 13 10.2124 9.0209 1.20248 
175 0.002 6 8.11111 160 1.5 1 6 12.4984 6.28994 1.2 0 0 12.2062 8.82248 1.2 1 7 12.2341 5.72056 1.2 1 12 10.4742 6.48035 1.2 1 11 12.5039 5.51089 1.2 1 13 10.2124 9.0209 1.20248 
176 0.002 6 8.11111 160 1.5 1 6 12.4984 6.28994 1.2 0 0 12.2062 8.82248 1.2 0 7 12.2341 5.72056 1.2 0 12 10.4742 6.48035 1.2 1 11 12.5039 5.51089 1.2 1 13 10.2124 9.0209 1.20248 
177 0.002 6 8.11111 160 1.5 1 6 12.4984 6.28994 1.2 0 0 12.2062 8.82248 1.2 0 7 12.2341 5.72056 1.2 0 12 10.4742 6.48035 1.2 1 11 12.5039 5.51089 1.2 1 13 10.2124 9.0209 1.20248 
178 0.002 6 8.11111 160 1.5 1 6 12.4984 6.28994 1.2 0 0 12.2062 8.82248 1.2 1 7 12.2341 5.72056 1.2 0 12 10.4742 6.48035 1.2 1 11 12.5039 5.51089 1.2 2 13 10.2124 9.0209 1.20248 
179 0.002 6 8.11111 160 1.5 1 6 12.4984 6.28994 1.2 0 0 12.2062 8.82248 1.2 0 7 12.2341 5.72056 1.2 0 12 10.4742 6.48035 1.2 0 11 12.5039 5.51089 1.2 1 13 10.2124 9.0209 1.20248 
180 0.002 6 8.11111 160 1.5 1 6 12.4984 6.28994 1.2 0 0 12.2062 8.82248 1.2 0 7 12.2341 5.72056 1.2 1 12 10.4742 6.48035 1.2 1 11 12.5039 5.51089 1.2 1 13 10.2124 9.0209 1.20248 
181 0.002 6 8.11111 160 1.5 1 6 12.4984 6.28994 1.2 0 0 12.2062 8.82248 1.2 0 7 12.2341 5.72056 1.2 0 12 10.4742 6.48035 1.2 1 11 12.5039 5.51089 1.2 1 13 10.2124 9.0209 1.20248 
182 0.002 6 8.11111 160 1.5 1 6 12.4984 6.28994 1.2 0 0 12.2062 8.82248 1.2 0 7 12.2341 5.72056 1.2 0 12 10.4742 6.48035 1.2 1 11 12.5039 5.51089 1.2 1 13 10.2124 9.0209 1.20248 
183 0.002 6 8.11111 160 1.5 1 6 12.4984 6.28994 1.2 0 0 12.2062 8.82248 1.2 0 7 12.2341 5.72056 1.2 0 12 10.4742 6.48035 1.2 1 11 12.5039 5.51089 1.2 1 13 10.2124 9.0209 1.20248 
184 0.002 6 8.11111 160 1.5 1 6 12.4984 6.28994 1.2 0 0 12.2062 8.82248 1.2 1 7 12.2341 5.72056 1.2 0 12 10.4742 6.48035 1.2 1 11 12.5039 5.51089 1.2 1 13 10.2124 9.0209 1.20248 
185 0.002 6 8.11111 160 1.5 0 6 12.4984 6.28994 1.2 0 0 12.2062 8.82248 1.2 0 7 12.2341 5.72056 1.2 0 12 10.4742 6.48035 1.2 1 11 12.5039 5.51089 1.2 1 13 10.2124 9.0209 1.20248 
186 0.002 6 8.11111 160 1.5 1 6 12.4984 6.28994 1.2 0 0 12.2062 8.82248 1.2 1 7 12.2341 5.72056 1.2 1 12 10.4742 6.48035 1.2 1 11 12.5039 5.51089 1.2 2 13 10.2124 9.0209 1.20248 
187 0.002 6 8.11111 160 1.5 0 6 12.4984 6.28994 1.2 0 0 12.2062 8.82248 1.2 0 7 12.2341 5.72056 1.2 0 12 10.4742 6.48035 1.2 1 11 12.5039 5.51089 1.2 1 13 10.2124 9.0209 1.20248 
188 0.002 6 8.11111 160 1.5 1 6 12.4984 6.28994 1.2 0 0 12.2062 8.82248 1.2 0 7 12.2341 5.72056 1.2 0 12 10.4742 6.48035 1.2 1 11 12.5039 5.51089 1.2 1 13 10.2124 9.0209 1.20248 
189 0.002 6 8.11111 160 1.5 1 6 12.4984 6.28994 1.2 0 0 12.2062 8.82248 1.2 0 7 12.2341 5.72056 1.2 0 12 10.4742 6.48035 1.2 1 11 12.5039 5.51089 1.2 1 13 10.2124 9.0209 1.20248 
190 0.002 6 8.11111 160 1.5 1 6 12.4984 6.28994 1.2 0 0 12.2062 8.82248 1.2 2 7 12.2341 5.72056 1.2 0 12 10.4742 6.48035 1.2 2 11 12.5039 5.51089 1.2 1 13 10.2124 9.0209 1.20248 
191 0.002 6 8.11111 160 1.5 1 6 12.4984 6.28994 1.2 0 0 12.2062 8.82248 1.2 0 7 12.2341 5.72056 1.2 1 12 10.4742 6.48035 1.2 1 11 12.5039 5.51089 1.2 1 13 10.2124 9.0209 1.20248 
192 0.002 6 8.11111 160 1.5 1 6 12.4984 6.28994 1.2 0 0 12.2062 8.82248 1.2 2 7 12.2341 5.72056 1.2 0 12 10.4742 6.48035 1.2 1 11 12.5039 5.51089 1.2 1 13 10.2124 9.0209 1.20248 
193 0.002 6 8.11111 160 1.5 1 6 12.4984 6.28994 1.2 0 0 12.2062 8.82248 1.2 0 7 12.2341 5.72056 1.2 0 12 10.4742 6.48035 1.2 2 11 12.5039 5.51089 1.2 1 13 10.2124 9.0209 1.20248 
194 0.002 6 8.11111 160 1.5 1 6 12.4984 6.28994 1.2 0 0 12.2062 8.82248 1.2 0 7 12.2341 5.72056 1.2 0 12 10.4742 6.48035 1.2 1 11 12.5039 5.51089 1.2 1 13 10.2124 9.0209 1.20248 
195 0.002 6 8.11111 160 1.5 1 6 12.4984 6.28994 1.2 0 0 12.2062 8.82248 1.2 0 7 12.2341 5.72056 1.2 1 12 10.4742 6.48035 1.2 1 11 12.5039 5.51089 1.2 1 13 10.2124 9.0209 1.20248 
196 0.002 6 8.11111 160 1.5 1 6 12.4984 6.28994 1.2 0 0 12.2062 8.82248 1.2 1 7 12.2341 5.72056 1.2 0 12 10.4742 6.48035 1.2 0 11 12.5039 5.51089 1.2 1 13 10.2124 9.0209 1.20248 
197 0.002 6 8.11111 160 1.5 1 6 12.4984 6.28994 1.2 2 0 12.2062 8.82248 1.2 0 7 12.2341 5.72056 1.2 0 12 10.4742 6.48035 1.2 1 11 12.5039 5.51089 1.2 1 13 10.2124 9.0209 1.20248 
198 0.002 6 8.11111 160 1.5 1 6 12.4984 6.28994 1.2 0 0 12.2062 8.82248 1.2 0 7 12.2341 5.72056 1.2 0 12 10.4742 6.48035 1.2 1 11 12.5039 5.51089 1.2 1 13 10.2124 9.0209 1.20248 
199 0.002 6 8.11111 160 1.5 1 6 12.4984 6.28994 1.2 0 0 12.2062 8.82248 1.2 0 7 12.2341 5.72056 1.2 0 12 10.4742 6.48035 1.2 1 11 12.5039 5.51089 1.2 1 13 10.2124 9.0209 1.20248 
200 0.002 6 8.11111 160 1.5 1 6 12.4984 6.28994 1.2 0 0 12.2062 8.82248 1.2 0 7 12.2341 5.72056 1.2 0 12 10.4742 6.48035 1.2 1 11 12.5039 5.51089 1.2 1 13 10.2124 9.0209 1.20248 
201 0.002 6 8.11111 160 1.5 1 6 12.4984 6.28994 1.2 0 0 12.2062 8.82248 1.2 1 7 12.2341 5.72056 1.2 0 12 10.4742 6.48035 1.2 1 11 12.5039 5.51089 1.2 1 13 10.2124 9.0209 1.20248 
202 0.002 6 8.11111 160 1.5 0 6 12.4984 6.28994 1.2 1 0 12.2062 8.82248 1.2 0 7 12.2341 5.72056 1.2 0 12 10.4742 6.48035 1.2 1 11 12.5039 5.51089 1.2 1 13 10.2124 9.0209 1.20248 
203 0.002 6 8.11111 160 1.5 1 6 12.4984 6.28994 1.2 0 0 12.2062 8.82248 1.2 0 7 12.2341 5.72056 1.2 1 12 10.4742 6.48035 1.2 1 11 12.5039 5.51089 1.2 1 13 10.2124 9.0209 1.20248 
204 0.002 6 8.11111 160 1.5 1 6 12.4984 6.28994 1.2 0 0 12.2062 8.82248 1.2 0 7 12.2341 5.72056 1.2 0 12 10.4742 6.48035 1.2 1 11 12.5039 5.51089 1.2 1 13 10.2124 9.0209 1.20248 
205 0.002 6 8.11111 160 1.5 1 6 12.4984 6.28994 1.2 0 0 12.2062 8.82248 1.2 0 7 12.2341 5.72056 1.2 0 12 10.4742 6.48035 1.2 1 11 12.5039 5.51089 1.2 1 13 10.2124 9.0209 1.20248 
206 0.002 6 8.11111 160 1.5 1 6 12.4984 6.28994 1.2 0 0 12.2062 8.82248 1.2 0 7 12.2341 5.72056 1.2 1 12 10.4742 6.48035 1.2 1 11 12.5039 5.51089 1.2 1 13 10.2124 9.0209 1.20248 
207 0.002 6 8.11111 160 1.5 1 6 12.4984 6.28994 1.2 0 0 12.2062 8.82248 1.2 1 7 12.2341 5.72056 1.2 0 12 10.4742 6.48035 1.2 1 11 12.5039 5.51089 1.2 1 13 10.2124 9.0209 1.20248 
208 0.002 6 8.11111 160 1.5 1 6 12.4984 6.28994 1.2 0 0 12.2062 8.82248 1.2 1 7 12.2341 5.72056 1.2 0 12 10.4742 6.48035 1.2 1 11 12.5039 5.51089 1.2 1 13 10.2124 9.0209 1.20248 
209 0.002 6 8.11111 160 1.5 1 6 12.4984 6.28994 1.2 1 0 12.2062 8.82248 1.2 1 7 12.2341 5.72056 1.2 0 12 10.4742 6.48035 1.2 1 11 12.5039 5.51089 1.2 1 13 10.2124 9.0209 1.20248 
210 0.002 6 8.11111 160 1.5 1 6 12.4984 6.28994 1.2 0 0 12.2062 8.82248 1.2 0 7 12.2341 5.72056 1.2 0 12 10.4742 6.48035 1.2 1 11 12.5039 5.51089 1.2 1 13 10.2124 9.0209 1.20248 
211 0.002 6 8.11111 160 1.5 1 6 12.4984 6.28994 1.2 2 0 12.2062 8.82248 1.2 0 7 12.2341 5.72056 1.2 0 12 10.4742 6.48035 1.2 1 11 12.5039 5.51089 1.2 1 13 10.2124 9.0209 1.20248 
212 0.002 6 8.11111 160 1.5 1 6 12.4984 6.28994 1.2 0 0 12.2062 8.82248 1.2 0 7 12.2341 5.72056 1.2 0 12 10.4742 6.48035 1.2 0 11 12.5039 5.51089 1.2 1 13 10.2124 9.0209 1.20248 
213 0.002 6 8.11111 160 1.5 2 6 12.4984 6.28994 1.2 0 0 12.2062 8.82248 1.2 1 7 12.2341 5.72056 1.2 0 12 10.4742 6.48035 1.2 1 11 12.5039 5.51089 1.2 1 13 10.2124 9.0209 1.20248 
214 0.002 6 8.11111 160 1.5 2 6 12.4984 6.28994 1.2 0 0 12.2062 8.82248 1.2 0 7 12.2341 5.72056 1.2 0 12 10.4742 6.48035 1.2 1 11 12.5039 5.51089 1.2 1 13 10.2124 9.0209 1.20248 
215 0.002 6 8.11111 160 1.5 1 6 12.4984 6.28994 1.2 2 0 12.2062 8.82248 1.2 0 7 12.2341 5.72056 1.2 1 12 10.4742 6.48035 1.2 1 11 12.5039 5.51089 1.2 1 13 10.2124 9.0209 1.20248 
216 0.002 6 8.11111 160 1.5 1 6 12.4984 6.28994 1.2 0 0 12.2062 8.82248 1.2 0 7 12.2341 5.72056 1.2 1 12 10.4742 6.48035 1.2 2 11 12.5039 5.51089 1.2 1 13 10.2124 9.0209 1.20248 
217 0.002 6 8.11111 160 1.5 1 6 12.4984 6.28994 1.2 0 0 12.2062 8.82248 1.2 0 7 12.2341 5.72056 1.2 2 12 10.4742 6.48035 1.2 1 11 12.5039 5.51089 1.2 1 13 10.2124 9.0209 1.20248 
218 0.002 6 8.11111 160 1.5 1 6 12.4984 6.28994 1.2 0 0 12.2062 8.82248 1.2 0 7 12.2341 5.72056 1.2 0 12 10.4742 6.48035 1.2 1 11 12.5039 5.51089 1.2 2 13 10.2124 9.0209 1.20248 
219 0.002 6 8.11111 160 1.5 1 6 12.4984 6.28994 1.2 0 0 12.2062 8.82248 1.2 1 7 12.2341 5.72056 1.2 1 12 10.4742 6.48035 1.2 0 11 12.5039 5.51089 1.2 1 13 10.2124 9.0209 1.20248 
220 0.002 6 8.11111 160 1.5 1 6 12.4984 6.28994 1.2 1 0 12.2062 8.82248 1.2 0 7 12.2341 5.72056 1.2 0 12 10.4742 6.48035 1.2 1 11 12.5039 5.51089 1.2 1 13 10.2124 9.0209 1.20248 
221 0.002 6 8.11111 160 1.5 1 6 12.4984 6.28994 1.2 0 0 12.2062 8.82248 1.2 0 7 12.2341 5.72056 1.2 0 12 10.4742 6.48035 1.2 1 11 12.5039 5.51089 1.2 1 13 10.2124 9.0209 1.20248 
222 0.002 6 8.11111 160 1.5 1 6 12.4984 6.28994 1.2 0 0 12.2062 8.82248 1.2 0 7 12.2341 5.72056 1.2 0 12 10.4742 6.48035 1.2 1 11 12.5039 5.51089 1.2 1 13 10.2124 9.0209 1.20248 
223 0.002 6 8.11111 160 1.5 1 6 12.4984 6.28994 1.2 0 0 12.2062 8.82248 1.2 0 7 12.2341 5.72056 1.2 2 12 10.4742 6.48035 1.2 1 11 12.5039 5.51089 1.2 1 13 10.2124 9.0209 1.20248 
224 0.002 6 8.11111 160 1.5 1 6 12.4984 6.28994 1.2 0 0 12.2062 8.82248 1.2 2 7 12.2341 5.72056 1.2 1 12 10.4742 6.48035 1.2 0 11 12.5039 5.51089 1.2 1 13 10.2124 9.0209 1.20248 
225 0.002 6 8.11111 160 1.5 1 6 12.4984 6.28994 1.2 0 0 12.2062 8.82248 1.2 0 7 12.2341 5.72056 1.2 2 12 10.4742 6.48035 1.2 1 11 12.5039 5.51089 1.2 1 13 10.2124 9.0209 1.20248 
226 0.002 6 8.11111 160 1.5 1 6 12.4984 6.28994 1.2 0 0 12.2062 8.82248 1.2 0 7 12.2341 5.72056 1.2 0 12 10.4742 6.48035 1.2 1 11 12.5039 5.51089 1.2 1 13 10.2124 9.0209 1.20248 
227 0.002 6 8.11111 160 1.5 1 6 12.4984 6.28994 1.2 0 0 12.2062 8.82248 1.2 0 7 12.2341 5.72056 1.2 2 12 10.4742 6.48035 1.2 1 11 12.5039 5.51089 1.2 1 13 10.2124 9.0209 1.20248 
228 0.002 6 8.11111 160 1.5 1 6 12.4984 6.28994 1.2 0 0 12.2062 8.82248 1.2 0 7 12.2341 5.72056 1.2 0 12 10.4742 6.48035 1.2 0 11 12.5039 5.51089 1.2 1 13 10.2124 9.0209 1.20248 
229 0.002 6 8.11111 160 1.5 1 6 12.4984 6.28994 1.2 0 0 12.2062 8.82248 1.2 0 7 12.2341 5.72056 1.2 0 12 10.4742 6.48035 1.2 2 11 12.5039 5.51089 1.2 1 13 10.2124 9.0209 1.20248 
230 0.002 6 8.11111 160 1.5 1 6 12.4984 6.28994 1.2 0 0 12.2062 8.82248 1.2 0 7 12.2341 5.72056 1.2 0 12 10.4742 6.48035 1.2 1 11 12.5039 5.51089 1.2 1 13 10.2124 9.0209 1.20248 
231 0.002 6 8.11111 160 1.5 1 6 12.4984 6.28994 1.2 0 0 12.2062 8.82248 1.2 0 7 12.2341 5.72056 1.2 0 12 10.4742 6.48035 1.2 0 11 12.5039 5.51089 1.2 1 13 10.2124 9.0209 1.20248 
232 0.002 6 8.11111 160 1.5 1 6 12.4984 6.28994 1.2 1 0 12.2062 8.82248 1.2 1 7 12.2341 5.72056 1.2 0 12 10.4742 6.48035 1.2 0 11 12.5039 5.51089 1.2 1 13 10.2124 9.0209 1.20248 
233 0.002 6 8.11111 160 1.5 1 6 12.4984 6.28994 1.2 0 0 12.2062 8.82248 1.2 1 7 12.2341 5.72056 1.2 0 12 10.4742 6.48035 1.2 1 11 12.5039 5.51089 1.2 1 13 10.2124 9.0209 1.20248 
234 0.002 6 8.11111 160 1.5 2 6 12.4984 6.28994 1.2 0 0 12.2062 8.82248 1.2 1 7 12.2341 5.72056 1.2 0 12 10.4742 6.48035 1.2 1 11 12.5039 5.51089 1.2 1 13 10.2124 9.0209 1.20248 
235 0.002 6 8.11111 160 1.5 1 6 12.4984 6.28994 1.2 0 0 12.2062 8.82248 1.2 0 7 12.2341 5.72056 1.2 0 12 10.4742 6.48035 1.2 1 11 12.5039 5.51089 1.2 1 13 10.2124 9.0209 1.20248 
236 0.002 6 8.11111 160 1.5 1 6 12.4984 6.28994 1.2 0 0 12.2062 8.82248 1.2 0 7 12.2341 5.72056 1.2 1 12 10.4742 6.48035 1.2 1 11 12.5039 5.51089 1.2 1 13 10.2124 9.0209 1.20248 
237 0.002 6 8.11111 160 1.5 1 6 12.4984 6.28994 1.2 0 0 12.2062 8.82248 1.2 0 7 12.2341 5.72056 1.2 0 12 10.4742 6.48035 1.2 1 11 12.5039 5.51089 1.2 1 13 10.2124 9.0209 1.20248 
238 0.002 6 8.11111 160 1.5 1 6 12.4984 6.28994 1.2 0 0 12.2062 8.82248 1.2 0 7 12.2341 5.72056 1.2 0 12 10.4742 6.48035 1.2 1 11 12.5039 5.51089 1.2 1 13 10.2124 9.0209 1.20248 
239 0.002 6 8.11111 160 1.5 1 6 12.4984 6.28994 1.2 0 0 12.2062 8.82248 1.2 0 7 12.2341 5.72056 1.2 0 12 10.4742 6.48035 1.2 1 11 12.5039 5.51089 1.2 1 13 10.2124 9.0209 1.20248 
240 0.002 6 8.11111 160 1.5 1 6 12.4984 6.28994 1.2 0 0 12.2062 8.82248 1.2 0 7 12.2341 5.72056 1.2 0 12 10.4742 6.48035 1.2 1 11 12.5039 5.51089 1.2 1 13 10.2124 9.0209 1.20248 
241 0.002 6 8.11111 160 1.5 1 6 12.4984 6.28994 1.2 0 0 12.2062 8.82248 1.2 0 7 12.2341 5.72056 1.2 0 12 10.4742 6.48035 1.2 1 11 12.5039 5.51089 1.2 1 13 10.2124 9.0209 1.20248 
242 0.002 6 8.11111 160 1.5 1 6 12.4984 6.28994 1.2 0 0 12.2062 8.82248 1.2 0 7 12.2341 5.72056 1.2 0 12 10.4742 6.48035 1.2 1 11 12.5039 5.51089 1.2 1 13 10.2124 9.0209 1.20248 
243 0.002 6 8.11111 160 1.5 1 6 12.4984 6.28994 1.2 1 0 12.2062 8.82248 1.2 0 7 12.2341 5.72056 1.2 1 12 10.4742 6.48035 1.2 1 11 12.5039 5.51089 1.2 1 13 10.2124 9.0209 1.20248 
244 0.002 6 8.11111 160 1.5 1 6 12.4984 6.28994 1.2 0 0 12.2062 8.82248 1.2 0 7 12.2341 5.72056 1.2 0 12 10.4742 6.48035 1.2 1 11 12.5039 5.51089 1.2 1 13 10.2124 9.0209 1.20248 
245 0.002 6 8.11111 160 1.5 1 6 12.4984 6.28994 1.2 0 0 12.2062 8.82248 1.2 0 7 12.2341 5.72056 1.2 1 12 10.4742 6.48035 1.2 0 11 12.5039 5.51089 1.2 1 13 10.2124 9.0209 1.20248 
246 0.002 6 8.11111 160 1.5 2 6 12.4984 6.28994 1.2 2 0 12.2062 8.82248 1.2 0 7 12.2341 5.72056 1.2 0 12 10.4742 6.48035 1.2 1 11 12.5039 5.51089 1.2 1 13 10.2124 9.0209 1.20248 
247 0.002 6 8.11111 160 1.5 1 6 12.4984 6.28994 1.2 0 0 12.2062 8.82248 1.2 1 7 12.2341 5.72056 1.2 0 12 10.4742 6.48035 1.2 1 11 12.5039 5.51089 1.2 2 13 10.2124 9.0209 1.20248 
248 0.002 6 8.11111 160 1.5 1 6 12.4984 6.28994 1.2 0 0 12.2062 8.82248 1.2 0 7 12.2341 5.72056 1.2 0 12 10.4742 6.48035 1.2 1 11 12.5039 5.51089 1.2 0 13 10.2124 9.0209 1.20248 
249 0.002 6 8.11111 160 1.5 1 6 12.4984 6.28994 1.2 0 0 12.2062 8.82248 1.2 0 7 12.2341 5.72056 1.2 0 12 10.4742 6.48035 1.2 1 11 12.5039 5.51089 1.2 1 13 10.2124 9.0209 1.20248 
250 0.002 6 8.11111 160 1.5 1 6 12.4984 6.28994 1.2 0 0 12.2062 8.82248 1.2 0 7 12.2341 5.72056 1.2 1 12 10.4742 6.48035 1.2 0 11 12.5039 5.51089 1.2 2 13 10.2124 9.0209 1.20248 
251 0.002 6 8.11111 160 1.5 1 6 12.4984 6.28994 1.2 0 0 12.2062 8.82248 1.2 1 7 12.2341 5.72056 1.2 0 12 10.4742 6.48035 1.2 1 11 12.5039 5.51089 1.2 1 13 10.2124 9.0209 1.20248 
252 0.002 6 8.11111 160 1.5 1 6 12.4984 6.28994 1.2 2 0 12.2062 8.82248 1.2 0 7 12.2341 5.72056 1.2 0 12 10.4742 6.48035 1.2 1 11 12.5039 5.51089 1.2 1 13 10.2124 9.0209 1.20248 
253 0.002 6 8.11111 160 1.5 1 6 12.4984 6.28994 1.2 1 0 12.2062 8.82248 1.2 0 7 12.2341 5.72056 1.2 0 12 10.4742 6.48035 1.2 1 11 12.5039 5.51089 1.2 1 13 10.2124 9.0209 1.20248 
254 0.002 6 8.11111 160 1.5 1 6 12.4984 6.28994 1.2 0 0 12.2062 8.82248 1.2 2 7 12.2341 5.72056 1.2 2 12 10.4742 6.48035 1.2 1 11 12.5039 5.51089 1.2 1 13 10.2124 9.0209 1.20248 
255 0.002 6 8.11111 160 1.5 1 6 12.4984 6.28994 1.2 0 0 12.2062 8.82248 1.2 0 7 12.2341 5.72056 1.2 0 12 10.4742 6.48035 1.2 1 11 12.5039 5.51089 1.2 1 13 10.2124 9.0209 1.20248 
256 0.002 6 8.11111 160 1.5 1 6 12.4984 6.28994 1.2 0 0 12.2062 8.82248 1.2 0 7 12.2341 5.72056 1.2 0 12 10.4742 6.48035 1.2 1 11 12.5039 5.51089 1.2 1 13 10.2124 9.0209 1.20248 
257 0.002 6 8.11111 160 1.5 1 6 12.4984 6.28994 1.2 0 0 12.2062 8.82248 1.2 1 7 12.2341 5.72056 1.2 0 12 10.4742 6.48035 1.2 1 11 12.5039 5.51089 1.2 1 13 10.2124 9.0209 1.20248 
258 0.002 6 8.11111 160 1.5 1 6 12.4984 6.28994 1.2 0 0 12.2062 8.82248 1.2 0 7 12.2341 5.72056 1.2 1 12 10.4742 6.48035 1.2 1 11 12.5039 5.51089 1.2 1 13 10.2124 9.0209 1.20248 
259 0.002 6 8.11111 160 1.5 1 6 12.4984 6.28994 1.2 0 0 12.2062 8.82248 1.2 0 7 12.2341 5.72056 1.2 0 12 10.4742 6.48035 1.2 1 11 12.5039 5.51089 1.2 1 13 10.2124 9.0209 1.20248 
260 0.002 6 8.11111 160 1.5 1 6 12.4984 6.28994 1.2 0 0 12.2062 8.82248 1.2 1 7 12.2341 5.72056 1.2 0 12 10.4742 6.48035 1.2 1 11 12.5039 5.51089 1.2 1 13 10.2124 9.0209 1.20248 
261 0.002 6 8.11111 160 1.5 1 6 12.4984 6.28994 1.2 0 0 12.2062 8.82248 1.2 1 7 12.2341 5.72056 1.2 0 12 10.4742 6.48035 1.2 1 11 12.5039 5.51089 1.2 1 13 10.2124 9.0209 1.20248 
262 0.002 6 8.11111 160 1.5 0 6 12.4984 6.28994 1.2 0 0 12.2062 8.82248 1.2 0 7 12.2341 5.72056 1.2 0 12 10.4742 6.48035 1.2 1 11 12.5039 5.51089 1.2 2 13 10.2124 9.0209 1.20248 
263 0.002 6 8.11111 160 1.5 1 6 12.4984 6.28994 1.2 0 0 12.2062 8.82248 1.2 0 7 12.2341 5.72056 1.2 0 12 10.4742 6.48035 1.2 1 11 12.5039 5.51089 1.2 1 13 10.2124 9.0209 1.20248 
264 0.002 6 8.11111 160 1.5 1 6 12.4984 6.28994 1.2 0 0 12.2062 8.82248 1.2 0 7 12.2341 5.72056 1.2 1 12 10.4742 6.48035 1.2 0 11 12.5039 5.51089 1.2 1 13 10.2124 9.0209 1.20248 
265 0.002 6 8.11111 160 1.5 1 6 12.4984 6.28994 1.2 2 0 12.2062 8.82248 1.2 0 7 12.2341 5.72056 1.2 0 12 10.4742 6.48035 1.2 1 11 12.5039 5.51089 1.2 2 13 10.2124 9.0209 1.20248 
266 0.002 6 8.11111 160 1.5 1 6 12.4984 6.28994 1.2 0 0 12.2062 8.82248 1.2 0 7 12.2341 5.72056 1.2 0 12 10.4742 6.48035 1.2 1 11 12.5039 5.51089 1.2 1 13 10.2124 9.0209 1.20248 
267 0.002 6 8.11111 160 1.5 1 6 12.4984 6.28994 1.2 0 0 12.2062 8.82248 1.2 1 7 12.2341 5.72056 1.2 1 12 10.4742 6.48035 1.2 1 11 12.5039 5.51089 1.2 1 13 10.2124 9.0209 1.20248 
268 0.002 6 8.11111 160 1.5 1 6 12.4984 6.28994 1.2 0 0 12.2062 8.82248 1.2 0 7 12.2341 5.72056 1.2 0 12 10.4742 6.48035 1.2 1 11 12.5039 5.51089 1.2 1 13 10.2124 9.0209 1.20248 
269 0.002 6 8.11111 160 1.5 1 6 12.4984 6.28994 1.2 0 0 12.2062 8.82248 1.2 0 7 12.2341 5.72056 1.2 1 12 10.4742 6.48035 1.2 1 11 12.5039 5.51089 1.2 1 13 10.2124 9.0209 1.20248 
270 0.002 6 8.11111 160 1.5 1 6 12.4984 6.28994 1.2 0 0 12.2062 8.82248 1.2 0 7 12.2341 5.72056 1.2 1 12 10.4742 6.48035 1.2 1 11 12.5039 5.51089 1.2 1 13 10.2124 9.0209 1.20248 
271 0.002 6 8.11111 160 1.5 1 6 12.4984 6.28994 1.2 0 0 12.2062 8.82248 1.2 0 7 12.2341 5.72056 1.2 0 12 10.4742 6.48035 1.2 0 11 12.5039 5.51089 1.2 1 13 10.2124 9.0209 1.20248 
272 0.002 6 8.11111 160 1.5 1 6 12.4984 6.28994 1.2 0 0 12.2062 8.82248 1.2 0 7 12.2341 5.72056 1.2 0 12 10.4742 6.48035 1.2 1 11 12.5039 5.51089 1.2 1 13 10.2124 9.0209 1.20248 
273 0.002 6 8.11111 160 1.5 1 6 12.4984 6.28994 1.2 2 0 12.2062 8.82248 1.2 0 7 12.2341 5.72056 1.2 0 12 10.4742 6.48035 1.2 1 11 12.5039 5.51089 1.2 2 13 10.2124 9.0209 1.20248 
274 0.002 6 8.11111 160 1.5 1 6 12.4984 6.28994 1.2 0 0 12.2062 8.82248 1.2 0 7 12.2341 5.72056 1.2 0 12 10.4742 6.48035 1.2 1 11 12.5039 5.51089 1.2 1 13 10.2124 9.0209 1.20248 
275 0.002 6 8.11111 160 1.5 1 6 12.4984 6.28994 1.2 0 0 12.2062 8.82248 1.2 0 7 12.2341 5.72056 1.2 1 12 10.4742 6.48035 1.2 1 11 12.5039 5.51089 1.2 1 13 10.2124 9.0209 1.20248 
276 0.002 6 8.11111 160 1.5 1 6 12.4984 6.28994 1.2 0 0 12.2062 8.82248 1.2 0 7 12.2341 5.72056 1.2 0 12 10.4742 6.48035 1.2 0 11 12.5039 5.51089 1.2 1 13 10.2124 9.0209 1.20248 
277 0.002 6 8.11111 160 1.5 1 6 12.4984 6.28994 1.2 0 0 12.2062 8.82248 1.2 0 7 12.2341 5.72056 1.2 0 12 10.4742 6.48035 1.2 1 11 12.5039 5.51089 1.2 1 13 10.2124 9.0209 1.20248 
278 0.002 6 8.11111 160 1.5 1 6 12.4984 6.28994 1.2 0 0 12.2062 8.82248 1.2 0 7 12.2341 5.72056 1.2 0 12 10.4742 6.48035 1.2 0 11 12.5039 5.51089 1.2 0 13 10.2124 9.0209 1.20248 
279 0.002 6 8.11111 160 1.5 1 6 12.4984 6.28994 1.2 1 0 12.2062 8.82248 1.2 0 7 12.2341 5.72056 1.2 0 12 10.4742 6.48035 1.2 1 11 12.5039 5.51089 1.2 1 13 10.2124 9.0209 1.20248 
280 0.002 6 8.11111 160 1.5 1 6 12.4984 6.28994 1.2 0 0 12.2062 8.82248 1.2 0 7 12.2341 5.72056 1.2 0 12 10.4742 6.48035 1.2 1 11 12.5039 5.51089 1.2 1 13 10.2124 9.0209 1.20248 
281 0.002 6 8.11111 160 1.5 1 6 12.4984 6.28994 1.2 0 0 12.2062 8.82248 1.2 0 7 12.2341 5.72056 1.2 0 12 10.4742 6.48035 1.2 1 11 12.5039 5.51089 1.2 1 13 10.2124 9.0209 1.20248 
282 0.002 6 8.11111 160 1.5 1 6 12.4984 6.28994 1.2 0 0 12.2062 8.82248 1.2 0 7 12.2341 5.72056 1.2 0 12 10.4742 6.48035 1.2 1 11 12.5039 5.51089 1.2 1 13 10.2124 9.0209 1.20248 
283 0.002 6 8.11111 160 1.5 1 6 12.4984 6.28994 1.2 0 0 12.2062 8.82248 1.2 0 7 12.2341 5.72056 1.2 1 12 10.4742 6.48035 1.2 0 11 12.5039 5.51089 1.2 1 13 10.2124 9.0209 1.20248 
284 0.002 6 8.11111 160 1.5 1 6 12.4984 6.28994 1.2 0 0 12.2062 8.82248 1.2 2 7 12.2341 5.72056 1.2 0 12 10.4742 6.48035 1.2 1 11 12.5039 5.51089 1.2 1 13 10.2124 9.0209 1.20248 
285 0.002 6 8.11111 160 1.5 1 6 12.4984 6.28994 1.2 0 0 12.2062 8.82248 1.2 0 7 12.2341 5.72056 1.2 0 12 10.4742 6.48035 1.2 1 11 12.5039 5.51089 1.2 1 13 10.2124 9.0209 1.20248 
286 0.002 6 8.11111 160 1.5 0 6 12.4984 6.28994 1.2 0 0 12.2062 8.82248 1.2 0 7 12.2341 5.72056 1.2 0 12 10.4742 6.48035 1.2 1 11 12.5039 5.51089 1.2 1 13 10.2124 9.0209 1.20248 
287 0.002 6 8.11111 160 1.5 1 6 12.4984 6.28994 1.2 0 0 12.2062 8.82248 1.2 0 7 12.2341 5.72056 1.2 0 12 10.4742 6.48035 1.2 1 11 12.5039 5.51089 1.2 2 13 10.2124 9.0209 1.20248 
288 0.002 6 8.11111 160 1.5 1 6 12.4984 6.28994 1.2 0 0 12.2062 8.82248 1.2 0 7 12.2341 5.72056 1.2 2 12 10.4742 6.48035 1.2 1 11 12.5039 5.51089 1.2 1 13 10.2124 9.0209 1.20248 
289 0.002 6 8.11111 160 1.5 1 6 12.4984 6.28994 1.2 0 0 12.2062 8.82248 1.2 0 7 12.2341 5.72056 1.2 0 12 10.4742 6.48035 1.2 1 11 12.5039 5.51089 1.2 1 13 10.2124 9.0209 1.20248 
290 0.002 6 8.11111 160 1.5 1 6 12.4984 6.28994 1.2 0 0 12.2062 8.82248 1.2 0 7 12.2341 5.72056 1.2 1 12 10.4742 6.48035 1.2 1 11 12.5039 5.51089 1.2 1 13 10.2124 9.0209 1.20248 
291 0.002 6 8.11111 160 1.5 1 6 12.4984 6.28994 1.2 0 0 12.2062 8.82248 1.2 1 7 12.2341 5.72056 1.2 0 12 10.4742 6.48035 1.2 1 11 12.5039 5.51089 1.2 1 13 10.2124 9.0209 1.20248 
292 0.002 6 8.11111 160 1.5 1 6 12.4984 6.28994 1.2 0 0 12.2062 8.82248 1.2 0 7 12.2341 5.72056 1.2 0 12 10.4742 6.48035 1.2 1 11 12.5039 5.51089 1.2 1 13 10.2124 9.0209 1.20248 
293 0.002 6 8.11111 160 1.5 1 6 12.4984 6.28994 1.2 0 0 12.2062 8.82248 1.2 0 7 12.2341 5.72056 1.2 0 12 10.4742 6.48035 1.2 1 11 12.5039 5.51089 1.2 1 13 10.2124 9.0209 1.20248 
294 0.002 6 8.11111 160 1.5 1 6 12.4984 6.28994 1.2 0 0 12.2062 8.82248 1.2 0 7 12.2341 5.72056 1.2 0 12 10.4742 6.48035 1.2 1 11 12.5039 5.51089 1.2 1 13 10.2124 9.0209 1.20248 
295 0.002 6 8.11111 160 1.5 1 6 12.4984 6.28994 1.2 0 0 12.2062 8.82248 1.2 2 7 12.2341 5.72056 1.2 0 12 10.4742 6.48035 1.2 1 11 12.5039 5.51089 1.2 1 13 10.2124 9.0209 1.20248 
296 0.002 6 8.11111 160 1.5 1 6 12.4984 6.28994 1.2 0 0 12.2062 8.82248 1.2 0 7 12.2341 5.72056 1.2 0 12 10.4742 6.48035 1.2 1 11 12.5039 5.51089 1.2 0 13 10.2124 9.0209 1.20248 
297 0.002 6 8.11111 160 1.5 1 6 12.4984 6.28994 1.2 0 0 12.2062 8.82248 1.2 0 7 12.2341 5.72056 1.2 0 12 10.4742 6.48035 1.2 1 11 12.5039 5.51089 1.2 1 13 10.2124 9.0209 1.20248 
298 0.002 6 8.11111 160 1.5 1 6 12.4984 6.28994 1.2 0 0 12.2062 8.82248 1.2 0 7 12.2341 5.72056 1.2 0 12 10.4742 6.48035 1.2 1 11 12.5039 5.51089 1.2 0 13 10.2124 9.0209 1.20248 
299 0.002 6 8.11111 160 1.5 1 6 12.4984 6.28994 1.2 0 0 12.2062 8.82248 1.2 0 7 12.2341 5.72056 1.2 0 12 10.4742 6.48035 1.2 1 11 12.5039 5.51089 1.2 1 13 10.2124 9.0209 1.20248 
300 0.002 6 8.11111 160 1.5 1 6 12.4984 6.28994 1.2 0 0 12.2062 8.82248 1.2 0 7 12.2341 5.72056 1.2 0 12 10.4742 6.48035 1.2 1 11 12.5039 5.51089 1.2 1 13 10.2124 9.0209 1.20248 
301 0.002 6 8.11111 160 1.5 1 6 12.4984 6.28994 1.2 0 0 12.2062 8.82248 1.2 0 7 12.2341 5.72056 1.2 0 12 10.4742 6.48035 1.2 1 11 12.5039 5.51089 1.2 1 13 10.2124 9.0209 1.20248 
302 0.002 6 8.11111 160 1.5 1 6 12.4984 6.28994 1.2 0 0 12.2062 8.82248 1.2 0 7 12.2341 5.72056 1.2 0 12 10.4742 6.48035 1.2 1 11 12.5039 5.51089 1.2 2 13 10.2124 9.0209 1.20248 
303 0.002 6 8.11111 160 1.5 2 6 12.4984 6.28994 1.2 0 0 12.2062 8.82248 1.2 0 7 12.2341 5.72056 1.2 0 12 10.4742 6.48035 1.2 1 11 12.5039 5.51089 1.2 1 13 10.2124 9.0209 1.20248 
304 0.002 6 8.11111 160 1.5 1 6 12.4984 6.28994 1.2 0 0 12.2062 8.82248 1.2 0 7 12.2341 5.72056 1.2 0 12 10.4742 6.48035 1.2 0 11 12.5039 5.51089 1.2 1 13 10.2124 9.0209 1.20248 
305 0.002 6 8.11111 160 1.5 1 6 12.4984 6.28994 1.2 2 0 12.2062 8.82248 1.2 0 7 12.2341 5.72056 1.2 2 12 10.4742 6.48035 1.2 1 11 12.5039 5.51089 1.2 1 13 10.2124 9.0209 1.20248 
306 0.002 6 8.11111 160 1.5 1 6 12.4984 6.28994 1.2 0 0 12.2062 8.82248 1.2 0 7 12.2341 5.72056 1.2 0 12 10.4742 6.48035 1.2 1 11 12.5039 5.51089 1.2 1 13 10.2124 9.0209 1.20248 
307 0.002 6 8.11111 160 1.5 1 6 12.4984 6.28994 1.2 0 0 12.2062 8.82248 1.2 0 7 12.2341 5.72056 1.2 1 12 10.4742 6.48035 1.2 1 11 12.5039 5.51089 1.2 1 13 10.2124 9.0209 1.20248 
308 0.002 6 8.11111 160 1.5 1 6 12.4984 6.28994 1.2 0 0 12.2062 8.82248 1.2 0 7 12.2341 5.72056 1.2 2 12 10.4742 6.48035 1.2 1 11 12.5039 5.51089 1.2 1 13 10.2124 9.0209 1.20248 
309 0.002 6 8.11111 160 1.5 1 6 12.4984 6.28994 1.2 1 0 12.2062 8.82248 1.2 0 7 12.2341 5.72056 1.2 0 12 10.4742 6.48035 1.2 1 11 12.5039 5.51089 1.2 1 13 10.2124 9.0209 1.20248 
310 0.002 6 8.11111 160 1.5 1 6 12.4984 6.28994 1.2 1 0 12.2062 8.82248 1.2 0 7 12.2341 5.72056 1.2 0 12 10.4742 6.48035 1.2 1 11 12.5039 5.51089 1.2 1 13 10.2124 9.0209 1.20248 
311 0.002 6 8.11111 160 1.5 1 6 12.4984 6.28994 1.2 2 0 12.2062 8.82248 1.2 0 7 12.2341 5.72056 1.2 0 12 10.4742 6.48035 1.2 1 11 12.5039 5.51089 1.2 1 13 10.2124 9.0209 1.20248 
312 0.002 6 8.11111 160 1.5 1 6 12.4984 6.28994 1.2 0 0 12.2062 8.82248 1.2 0 7 12.2341 5.72056 1.2 0 12 10.4742 6.48035 1.2 1 11 12.5039 5.51089 1.2 1 13 10.2124 9.0209 1.20248 
313 0.002 6 8.11111 160 1.5 1 6 12.4984 6.28994 1.2 2 0 12.2062 8.82248 1.2 2 7 12.2341 5.72056 1.2 1 12 10.4742 6.48035 1.2 1 11 12.5039 5.51089 1.2 1 13 10.2124 9.0209 1.20248 
314 0.002 6 8.11111 160 1.5 1 6 12.4984 6.28994 1.2 0 0 12.2062 8.82248 1.2 1 7 12.2341 5.72056 1.2 0 12 10.4742 6.48035 1.2 1 11 12.5039 5.51089 1.2 1 13 10.2124 9.0209 1.20248 
315 0.002 6 8.11111 160 1.5 1 6 12.4984 6.28994 1.2 0 0 12.2062 8.82248 1.2 0 7 12.2341 5.72056 1.2 0 12 10.4742 6.48035 1.2 1 11 12.5039 5.51089 1.2 1 13 10.2124 9.0209 1.20248 
316 0.002 6 8.11111 160 1.5 1 6 12.4984 6.28994 1.2 0 0 12.2062 8.82248 1.2 0 7 12.2341 5.72056 1.2 0 12 10.4742 6.48035 1.2 1 11 12.5039 5.51089 1.2 1 13 10.2124 9.0209 1.20248 
317 0.002 6 8.11111 160 1.5 1 6 12.4984 6.28994 1.2 0 0 12.2062 8.82248 1.2 2 7 12.2341 5.72056 1.2 0 12 10.4742 6.48035 1.2 1 11 12.5039 5.51089 1.2 1 13 10.2124 9.0209 1.20248 
318 0.002 6 8.11111 160 1.5 1 6 12.4984 6.28994 1.2 0 0 12.2062 8.82248 1.2 0 7 12.2341 5.72056 1.2 1 12 10.4742 6.48035 1.2 1 11 12.5039 5.51089 1.2 1 13 10.2124 9.0209 1.20248 
319 0.002 6 8.11111 160 1.5 1 6 12.4984 6.28994 1.2 0 0 12.2062 8.82248 1.2 0 7 12.2341 5.72056 1.2 0 12 10.4742 6.48035 1.2 1 11 12.5039 5.51089 1.2 1 13 10.2124 9.0209 1.20248 
320 0.002 6 8.11111 160 1.5 1 6 12.4984 6.28994 1.2 0 0 12.2062 8.82248 1.2 0 7 12.2341 5.72056 1.2 2 12 10.4742 6.48035 1.2 1 11 12.5039 5.51089 1.2 1 13 10.2124 9.0209 1.20248 
321 0.002 6 8.11111 160 1.5 1 6 12.4984 6.28994 1.2 0 0 12.2062 8.82248 1.2 0 7 12.2341 5.72056 1.2 0 12 10.4742 6.48035 1.2 0 11 12.5039 5.51089 1.2 1 13 10.2124 9.0209 1.20248 
322 0.002 6 8.11111 160 1.5 1 6 12.4984 6.28994 1.2 0 0 12.2062 8.82248 1.2 0 7 12.2341 5.72056 1.2 0 12 10.4742 6.48035 1.2 2 11 12.5039 5.51089 1.2 1 13 10.2124 9.0209 1.20248 
323 0.002 6 8.11111 160 1.5 1 6 12.4984 6.28994 1.2 0 0 12.2062 8.82248 1.2 1 7 12.2341 5.72056 1.2 0 12 10.4742 6.48035 1.2 1 11 12.5039 5.51089 1.2 1 13 10.2124 9.0209 1.20248 
324 0.002 6 8.11111 160 1.5 1 6 12.4984 6.28994 1.2 0 0 12.2062 8.82248 1.2 2 7 12.2341 5.72056 1.2 0 12 10.4742 6.48035 1.2 0 11 12.5039 5.51089 1.2 1 13 10.2124 9.0209 1.20248 
325 0.002 6 8.11111 160 1.5 1 6 12.4984 6.28994 1.2 0 0 12.2062 8.82248 1.2 1 7 12.2341 5.72056 1.2 2 12 10.4742 6.48035 1.2 1 11 12.5039 5.51089 1.2 1 13 10.2124 9.0209 1.20248 
326 0.002 6 8.11111 160 1.5 1 6 12.4984 6.28994 1.2 1 0 12.2062 8.82248 1.2 0 7 12.2341 5.72056 1.2 0 12 10.4742 6.48035 1.2 1 11 12.5039 5.51089 1.2 1 13 10.2124 9.0209 1.20248 
327 0.002 6 8.11111 160 1.5 1 6 12.4984 6.28994 1.2 0 0 12.2062 8.82248 1.2 0 7 12.2341 5.72056 1.2 0 12 10.4742 6.48035 1.2 2 11 12.5039 5.51089 1.2 1 13 10.2124 9.0209 1.20248 
328 0.002 6 8.11111 160 1.5 1 6 12.4984 6.28994 1.2 0 0 12.2062 8.82248 1.2 1 7 12.2341 5.72056 1.2 0 12 10.4742 6.48035 1.2 1 11 12.5039 5.51089 1.2 1 13 10.2124 9.0209 1.20248 
329 0.002 6 8.11111 160 1.5 1 6 12.4984 6.28994 1.2 0 0 12.2062 8.82248 1.2 1 7 12.2341 5.72056 1.2 0 12 10.4742 6.48035 1.2 1 11 12.5039 5.51089 1.2 1 13 10.2124 9.0209 1.20248 
330 0.002 6 8.11111 160 1.5 2 6 12.4984 6.28994 1.2 0 0 12.2062 8.82248 1.2 0 7 12.2341 5.72056 1.2 1 12 10.4742 6.48035 1.2 1 11 12.5039 5.51089 1.2 1 13 10.2124 9.0209 1.20248 
331 0.002 6 8.11111 160 1.5 1 6 12.4984 6.28994 1.2 0 0 12.2062 8.82248 1.2 0 7 12.2341 5.72056 1.2 0 12 10.4742 6.48035 1.2 1 11 12.5039 5.51089 1.2 1 13 10.2124 9.0209 1.20248 
332 0.002 6 8.11111 160 1.5 1 6 12.4984 6.28994 1.2 0 0 12.2062 8.82248 1.2 0 7 12.2341 5.72056 1.2 0 12 10.4742 6.48035 1.2 1 11 12.5039 5.51089 1.2 1 13 10.2124 9.0209 1.20248 
333 0.002 6 8.11111 160 1.5 1 6 12.4984 6.28994 1.2 0 0 12.2062 8.82248 1.2 0 7 12.2341 5.72056 1.2 1 12 10.4742 6.48035 1.2 1 11 12.5039 5.51089 1.2 1 13 10.2124 9.0209 1.20248 
334 0.002 6 8.11111 160 1.5 1 6 12.4984 6.28994 1.2 0 0 12.2062 8.82248 1.2 1 7 12.2341 5.72056 1.2 0 12 10.4742 6.48035 1.2 1 11 12.5039 5.51089 1.2 1 13 10.2124 9.0209 1.20248 
335 0.002 6 8.11111 160 1.5 1 6 12.4984 6.28994 1.2 0 0 12.2062 8.82248 1.2 1 7 12.2341 5.72056 1.2 0 12 10.4742 6.48035 1.2 1 11 12.5039 5.51089 1.2 1 13 10.2124 9.0209 1.20248 
336 0.002 6 8.11111 160 1.5 2 6 12.4984 6.28994 1.2 0 0 12.2062 8.82248 1.2 0 7 12.2341 5.72056 1.2 1 12 10.4742 6.48035 1.2 1 11 12.5039 5.51089 1.2 2 13 10.2124 9.0209 1.20248 
337 0.002 6 8.11111 160 1.5 1 6 12.4984 6.28994 1.2 0 0 12.2062 8.82248 1.2 0 7 12.2341 5.72056 1.2 0 12 10.4742 6.48035 1.2 1 11 12.5039 5.51089 1.2 1 13 10.2124 9.0209 1.20248 
338 0.002 6 8.11111 160 1.5 1 6 12.4984 6.28994 1.2 0 0 12.2062 8.82248 1.2 0 7 12.2341 5.72056 1.2 0 12 10.4742 6.48035 1.2 1 11 12.5039 5.51089 1.2 1 13 10.2124 9.0209 1.20248 
339 0.002 6 8.11111 160 1.5 1 6 12.4984 6.28994 1.2 0 0 12.2062 8.82248 1.2 0 7 12.2341 5.72056 1.2 0 12 10.4742 6.48035 1.2 1 11 12.5039 5.51089 1.2 1 13 10.2124 9.0209 1.20248 
340 0.002 6 8.11111 160 1.5 1 6 12.4984 6.28994 1.2 0 0 12.2062 8.82248 1.2 1 7 12.2341 5.72056 1.2 0 12 10.4742 6.48035 1.2 1 11 12.5039 5.51089 1.2 1 13 10.2124 9.0209 1.20248 
341 0.002 6 8.11111 160 1.5 1 6 12.4984 6.28994 1.2 1 0 12.2062 8.82248 1.2 0 7 12.2341 5.72056 1.2 0 12 10.4742 6.48035 1.2 1 11 12.5039 5.51089 1.2 1 13 10.2124 9.0209 1.20248 
342 0.002 6 8.11111 160 1.5 1 6 12.4984 6.28994 1.2 0 0 12.2062 8.82248 1.2 1 7 12.2341 5.72056 1.2 0 12 10.4742 6.48035 1.2 0 11 12.5039 5.51089 1.2 1 13 10.2124 9.0209 1.20248 
343 0.002 6 8.11111 160 1.5 1 6 12.4984 6.28994 1.2 0 0 12.2062 8.82248 1.2 0 7 12.2341 5.72056 1.2 0 12 10.4742 6.48035 1.2 1 11 12.5039 5.51089 1.2 1 13 10.2124 9.0209 1.20248 
344 0.002 6 8.11111 160 1.5 1 6 12.4984 6.28994 1.2 0 0 12.2062 8.82248 1.2 0 7 12.2341 5.72056 1.2 0 12 10.4742 6.48035 1.2 1 11 12.5039 5.51089 1.2 1 13 10.2124 9.0209 1.20248 
345 0.002 6 8.11111 160 1.5 1 6 12.4984 6.28994 1.2 0 0 12.2062 8.82248 1.2 0 7 12.2341 5.72056 1.2 0 12 10.4742 6.48035 1.2 1 11 12.5039 5.51089 1.2 1 13 10.2124 9.0209 1.20248 
346 0.002 6 8.11111 160 1.5 1 6 12.4984 6.28994 1.2 1 0 12.2062 8.82248 1.2 2 7 12.2341 5.72056 1.2 0 12 10.4742 6.48035 1.2 1 11 12.5039 5.51089 1.2 1 13 10.2124 9.0209 1.20248 
347 0.002 6 8.11111 160 1.5 1 6 12.4984 6.28994 1.2 0 0 12.2062 8.82248 1.2 0 7 12.2341 5.72056 1.2 0 12 10.4742 6.48035 1.2 1 11 12.5039 5.51089 1.2 1 13 10.2124 9.0209 1.20248 
348 0.002 6 8.11111 160 1.5 1 6 12.4984 6.28994 1.2 0 0 12.2062 8.82248 1.2 0 7 12.2341 5.72056 1.2 0 12 10.4742 6.48035 1.2 2 11 12.5039 5.51089 1.2 1 13 10.2124 9.0209 1.20248 
349 0.002 6 8.11111 160 1.5 1 6 12.4984 6.28994 1.2 2 0 12.2062 8.82248 1.2 0 7 12.2341 5.72056 1.2 1 12 10.4742 6.48035 1.2 1 11 12.5039 5.51089 1.2 1 13 10.2124 9.0209 1.20248 
350 0.002 6 8.11111 160 1.5 1 6 12.4984 6.28994 1.2 0 0 12.2062 8.82248 1.2 0 7 12.2341 5.72056 1.2 2 12 10.4742 6.48035 1.2 1 11 12.5039 5.51089 1.2 1 13 10.2124 9.0209 1.20248 
351 0.002 6 8.11111 160 1.5 1 6 12.4984 6.28994 1.2 2 0 12.2062 8.82248 1.2 0 7 12.2341 5.72056 1.2 0 12 10.4742 6.48035 1.2 1 11 12.5039 5.51089 1.2 1 13 10.2124 9.0209 1.20248 
352 0.002 6 8.11111 160 1.5 1 6 12.4984 6.28994 1.2 0 0 12.2062 8.82248 1.2 1 7 12.2341 5.72056 1.2 0 12 10.4742 6.48035 1.2 1 11 12.5039 5.51089 1.2 1 13 10.2124 9.0209 1.20248 
353 0.002 6 8.11111 160 1.5 1 6 12.4984 6.28994 1.2 0 0 12.2062 8.82248 1.2 0 7 12.2341 5.72056 1.2 0 12 10.4742 6.48035 1.2 1 11 12.5039 5.51089 1.2 1 13 10.2124 9.0209 1.20248 
354 0.002 6 8.11111 160 1.5 1 6 12.4984 6.28994 1.2 0 0 12.2062 8.82248 1.2 0 7 12.2341 5.72056 1.2 1 12 10.4742 6.48035 1.2 1 11 12.5039 5.51089 1.2 1 13 10.2124 9.0209 1.20248 
355 0.002 6 8.11111 160 1.5 1 6 12.4984 6.28994 1.2 0 0 12.2062 8.82248 1.2 0 7 12.2341 5.72056 1.2 0 12 10.4742 6.48035 1.2 1 11 12.5039 5.51089 1.2 1 13 10.2124 9.0209 1.20248 
356 0.002 6 8.11111 160 1.5 1 6 12.4984 6.28994 1.2 0 0 12.2062 8.82248 1.2 0 7 12.2341 5.72056 1.2 1 12 10.4742 6.48035 1.2 1 11 12.5039 5.51089 1.2 1 13 10.2124 9.0209 1.20248 
357 0.002 6 8.11111 160 1.5 1 6 12.4984 6.28994 1.2 2 0 12.2062 8.82248 1.2 0 7 12.2341 5.72056 1.2 1 12 10.4742 6.48035 1.2 1 11 12.5039 5.51089 1.2 1 13 10.2124 9.0209 1.20248 
358 0.002 6 8.11111 160 1.5 1 6 12.4984 6.28994 1.2 1 0 12.2062 8.82248 1.2 0 7 12.2341 5.72056 1.2 0 12 10.4742 6.48035 1.2 1 11 12.5039 5.51089 1.2 1 13 10.2124 9.0209 1.20248 
359 0.002 6 8.11111 160 1.5 1 6 12.4984 6.28994 1.2 0 0 12.2062 8.82248 1.2 0 7 12.2341 5.72056 1.2 1 12 10.4742 6.48035 1.2 1 11 12.5039 5.51089 1.2 1 13 10.2124 9.0209 1.20248 
360 0.002 6 8.11111 160 1.5 1 6 12.4984 6.28994 1.2 1 0 12.2062 8.82248 1.2 0 7 12.2341 5.72056 1.2 0 12 10.4742 6.48035 1.2 1 11 12.5039 5.51089 1.2 1 13 10.2124 9.0209 1.20248 
361 0.002 6 8.11111 160 1.5 1 6 12.4984 6.28994 1.2 0 0 12.2062 8.82248 1.2 0 7 12.2341 5.72056 1.2 0 12 10.4742 6.48035 1.2 1 11 12.5039 5.51089 1.2 1 13 10.2124 9.0209 1.20248 
362 0.002 6 8.11111 160 1.5 1 6 12.4984 6.28994 1.2 0 0 12.2062 8.82248 1.2 0 7 12.2341 5.72056 1.2 0 12 10.4742 6.48035 1.2 1 11 12.5039 5.51089 1.2 1 13 10.2124 9.0209 1.20248 
363 0.002 6 8.11111 160 1.5 1 6 12.4984 6.28994 1.2 0 0 12.2062 8.82248 1.2 0 7 12.2341 5.72056 1.2 0 12 10.4742 6.48035 1.2 1 11 12.5039 5.51089 1.2 1 13 10.2124 9.0209 1.20248 
364 0.002 6 8.11111 160 1.5 1 6 12.4984 6.28994 1.2 0 0 12.2062 8.82248 1.2 0 7 12.2341 5.72056 1.2 0 12 10.4742 6.48035 1.2 1 11 12.5039 5.51089 1.2 1 13 10.2124 9.0209 1.20248 
365 0.002 6 8.11111 160 1.5 1 6 12.4984 6.28994 1.2 0 0 12.2062 8.82248 1.2 0 7 12.2341 5.72056 1.2 0 12 10.4742 6.48035 1.2 1 11 12.5039 5.51089 1.2 1 13 10.2124 9.0209 1.20248 
366 0.002 6 8.11111 160 1.5 1 6 12.4984 6.28994 1.2 0 0 12.2062 8.82248 1.2 0 7 12.2341 5.72056 1.2 1 12 10.4742 6.48035 1.2 1 11 12.5039 5.51089 1.2 1 13 10.2124 9.0209 1.20248 
367 0.002 6 8.11111 160 1.5 1 6 12.4984 6.28994 1.2 0 0 12.2062 8.82248 1.2 0 7 12.2341 5.72056 1.2 1 12 10.4742 6.48035 1.2 2 11 12.5039 5.51089 1.2 1 13 10.2124 9.0209 1.20248 
368 0.002 6 8.11111 160 1.5 1 6 12.4984 6.28994 1.2 0 0 12.2062 8.82248 1.2 0 7 12.2341 5.72056 1.2 0 12 10.4742 6.48035 1.2 1 11 12.5039 5.51089 1.2 1 13 10.2124 9.0209 1.20248 
369 0.002 6 8.11111 160 1.5 1 6 12.4984 6.28994 1.2 0 0 12.2062 8.82248 1.2 0 7 12.2341 5.72056 1.2 1 12 10.4742 6.48035 1.2 1 11 12.5039 5.51089 1.2 1 13 10.2124 9.0209 1.20248 
370 0.002 6 8.11111 160 1.5 1 6 12.4984 6.28994 1.2 0 0 12.2062 8.82248 1.2 0 7 12.2341 5.72056 1.2 0 12 10.4742 6.48035 1.2 1 11 12.5039 5.51089 1.2 1 13 10.2124 9.0209 1.20248 
371 0.002 6 8.11111 160 1.5 1 6 12.4984 6.28994 1.2 0 0 12.2062 8.82248 1.2 0 7 12.2341 5.72056 1.2 0 12 10.4742 6.48035 1.2 1 11 12.5039 5.51089 1.2 1 13 10.2124 9.0209 1.20248 
372 0.002 6 8.11111 160 1.5 1 6 12.4984 6.28994 1.2 0 0 12.2062 8.82248 1.2 0 7 12.2341 5.72056 1.2 1 12 10.4742 6.48035 1.2 1 11 12.5039 5.51089 1.2 1 13 10.2124 9.0209 1.20248 
373 0.002 6 8.11111 160 1.5 1 6 12.4984 6.28994 1.2 0 0 12.2062 8.82248 1.2 0 7 12.2341 5.72056 1.2 1 12 10.4742 6.48035 1.2 1 11 12.5039 5.51089 1.2 1 13 10.2124 9.0209 1.20248 
374 0.002 6 8.11111 160 1.5 1 6 12.4984 6.28994 1.2 0 0 12.2062 8.82248 1.2 2 7 12.2341 5.72056 1.2 0 12 10.4742 6.48035 1.2 0 11 12.5039 5.51089 1.2 1 13 10.2124 9.0209 1.20248 
375 0.002 6 8.11111 160 1.5 1 6 12.4984 6.28994 1.2 0 0 12.2062 8.82248 1.2 0 7 12.2341 5.72056 1.2 0 12 10.4742 6.48035 1.2 1 11 12.5039 5.51089 1.2 1 13 10.2124 9.0209 1.20248 
376 0.002 6 8.11111 160 1.5 1 6 12.4984 6.28994 1.2 0 0 12.2062 8.82248 1.2 0 7 12.2341 5.72056 1.2 0 12 10.4742 6.48035 1.2 1 11 12.5039 5.51089 1.2 1 13 10.2124 9.0209 1.20248 
377 0.002 6 8.11111 160 1.5 1 6 12.4984 6.28994 1.2 0 0 12.2062 8.82248 1.2 0 7 12.2341 5.72056 1.2 0 12 10.4742 6.48035 1.2 1 11 12.5039 5.51089 1.2 1 13 10.2124 9.0209 1.20248 
378 0.002 6 8.11111 160 1.5 1 6 12.4984 6.28994 1.2 1 0 12.2062 8.82248 1.2 0 7 12.2341 5.72056 1.2 0 12 10.4742 6.48035 1.2 1 11 12.5039 5.51089 1.2 1 13 10.2124 9.0209 1.20248 
379 0.002 6 8.11111 160 1.5 1 6 12.4984 6.28994 1.2 0 0 12.2062 8.82248 1.2 0 7 12.2341 5.72056 1.2 0 12 10.4742 6.48035 1.2 1 11 12.5039 5.51089 1.2 1 13 10.2124 9.0209 1.20248 
380 0.002 6 8.11111 160 1.5 1 6 12.4984 6.28994 1.2 0 0 12.2062 8.82248 1.2 1 7 12.2341 5.72056 1.2 0 12 10.4742 6.48035 1.2 1 11 12.5039 5.51089 1.2 1 13 10.2124 9.0209 1.20248 
381 0.002 6 8.11111 160 1.5 1 6 12.4984 6.28994 1.2 0 0 12.2062 8.82248 1.2 0 7 12.2341 5.72056 1.2 0 12 10.4742 6.48035 1.2 1 11 12.5039 5.51089 1.2 1 13 10.2124 9.0209 1.20248 
382 0.002 6 8.11111 160 1.5 1 6 12.4984 6.28994 1.2 0 0 12.2062 8.82248 1.2 0 7 12.2341 5.72056 1.2 0 12 10.4742 6.48035 1.2 1 11 12.5039 5.51089 1.2 1 13 10.2124 9.0209 1.20248 
383 0.002 6 8.11111 160 1.5 1 6 12.4984 6.28994 1.2 0 0 12.2062 8.82248 1.2 2 7 12.2341 5.72056 1.2 1 12 10.4742 6.48035 1.2 1 11 12.5039 5.51089 1.2 1 13 10.2124 9.0209 1.20248 
384 0.002 6 8.11111 160 1.5 1 6 12.4984 6.28994 1.2 2 0 12.2062 8.82248 1.2 0 7 12.2341 5.72056 1.2 0 12 10.4742 6.48035 1.2 1 11 12.5039 5.51089 1.2 2 13 10.2124 9.0209 1.20248 
385 0.002 6 8.11111 160 1.5 1 6 12.4984 6.28994 1.2 0 0 12.2062 8.82248 1.2 1 7 12.2341 5.72056 1.2 0 12 10.4742 6.48035 1.2 1 11 12.5039 5.51089 1.2 1 13 10.2124 9.0209 1.20248 
386 0.002 6 8.11111 160 1.5 1 6 12.4984 6.28994 1.2 0 0 12.2062 8.82248 1.2 0 7 12.2341 5.72056 1.2 0 12 10.4742 6.48035 1.2 1 11 12.5039 5.51089 1.2 1 13 10.2124 9.0209 1.20248 
387 0.002 6 8.11111 160 1.5 1 6 12.4984 6.28994 1.2 0 0 12.2062 8.82248 1.2 0 7 12.2341 5.72056 1.2 1 12 10.4742 6.48035 1.2 1 11 12.5039 5.51089 1.2 1 13 10.2124 9.0209 1.20248 
388 0.002 6 8.11111 160 1.5 1 6 12.4984 6.28994 1.2 0 0 12.2062 8.82248 1.2 0 7 12.2341 5.72056 1.2 0 12 10.4742 6.48035 1.2 0 11 12.5039 5.51089 1.2 1 13 10.2124 9.0209 1.20248 
389 0.002 6 8.11111 160 1.5 1 6 12.4984 6.28994 1.2 1 0 12.2062 8.82248 1.2 0 7 12.2341 5.72056 1.2 0 12 10.4742 6.48035 1.2 1 11 12.5039 5.51089 1.2 1 13 10.2124 9.0209 1.20248 
390 0.002 6 8.11111 160 1.5 1 6 12.4984 6.28994 1.2 1 0 12.2062 8.82248 1.2 0 7 12.2341 5.72056 1.2 0 12 10.4742 6.48035 1.2 1 11 12.5039 5.51089 1.2 1 13 10.2124 9.0209 1.20248 
391 0.002 6 8.11111 160 1.5 1 6 12.4984 6.28994 1.2 0 0 12.2062 8.82248 1.2 0 7 12.2341 5.72056 1.2 0 12 10.4742 6.48035 1.2 1 11 12.5039 5.51089 1.2 1 13 10.2124 9.0209 1.20248 
392 0.002 6 8.11111 160 1.5 1 6 12.4984 6.28994 1.2 0 0 12.2062 8.82248 1.2 1 7 12.2341 5.72056 1.2 0 12 10.4742 6.48035 1.2 1 11 12.5039 5.51089 1.2 1 13 10.2124 9.0209 1.20248 
393 0.002 6 8.11111 160 1.5 1 6 12.4984 6.28994 1.2 0 0 12.2062 8.82248 1.2 0 7 12.2341 5.72056 1.2 1 12 10.4742 6.48035 1.2 1 11 12.5039 5.51089 1.2 1 13 10.2124 9.0209 1.20248 
394 0.002 6 8.11111 160 1.5 1 6 12.4984 6.28994 1.2 0 0 12.2062 8.82248 1.2 0 7 12.2341 5.72056 1.2 0 12 10.4742 6.48035 1.2 1 11 12.5039 5.51089 1.2 1 13 10.2124 9.0209 1.20248 
395 0.002 6 8.11111 160 1.5 1 6 12.4984 6.28994 1.2 0 0 12.2062 8.82248 1.2 0 7 12.2341 5.72056 1.2 0 12 10.4742 6.48035 1.2 1 11 12.5039 5.51089 1.2 1 13 10.2124 9.0209 1.20248 
396 0.002 6 8.11111 160 1.5 1 6 12.4984 6.28994 1.2 0 0 12.2062 8.82248 1.2 1 7 12.2341 5.72056 1.2 0 12 10.4742 6.48035 1.2 0 11 12.5039 5.51089 1.2 1 13 10.2124 9.0209 1.20248 
397 0.002 6 8.11111 160 1.5 1 6 12.4984 6.28994 1.2 0 0 12.2062 8.82248 1.2 0 7 12.2341 5.72056 1.2 1 12 10.4742 6.48035 1.2 1 11 12.5039 5.51089 1.2 2 13 10.2124 9.0209 1.20248 
398 0.002 6 8.11111 160 1.5 1 6 12.4984 6.28994 1.2 0 0 12.2062 8.82248 1.2 0 7 12.2341 5.72056 1.2 1 12 10.4742 6.48035 1.2 1 11 12.5039 5.51089 1.2 1 13 10.2124 9.0209 1.20248 
399 0.002 6 8.11111 160 1.5 1 6 12.4984 6.28994 1.2 0 0 12.2062 8.82248 1.2 1 7 12.2341 5.72056 1.2 0 12 10.4742 6.48035 1.2 1 11 12.5039 5.51089 1.2 1 13 10.2124 9.0209 1.20248 
400 0.002 6 8.11111 160 1.5 1 6 12.4984 6.28994 1.2 0 0 12.2062 8.82248 1.2 0 7 12.2341 5.72056 1.2 0 12 10.4742 6.48035 1.2 1 11 12.5039 5.51089 1.2 1 13 10.2124 9.0209 1.20248 
401 0.002 6 8.11111 160 1.5 1 6 12.4984 6.28994 1.2 0 0 12.2062 8.82248 1.2 0 7 12.2341 5.72056 1.2 0 12 10.4742 6.48035 1.2 0 11 12.5039 5.51089 1.2 1 13 10.2124 9.0209 1.20248 
402 0.002 6 8.11111 160 1.5 1 6 12.4984 6.28994 1.2 0 0 12.2062 8.82248 1.2 0 7 12.2341 5.72056 1.2 0 12 10.4742 6.48035 1.2 1 11 12.5039 5.51089 1.2 1 13 10.2124 9.0209 1.20248 
403 0.002 6 8.11111 160 1.5 1 6 12.4984 6.28994 1.2 0 0 12.2062 8.82248 1.2 0 7 12.2341 5.72056 1.2 0 12 10.4742 6.48035 1.2 1 11 12.5039 5.51089 1.2 1 13 10.2124 9.0209 1.20248 
404 0.002 6 8.11111 160 1.5 1 6 12.4984 6.28994 1.2 0 0 12.2062 8.82248 1.2 0 7 12.2341 5.72056 1.2 0 12 10.4742 6.48035 1.2 2 11 12.5039 5.51089 1.2 1 13 10.2124 9.0209 1.20248 
405 0.002 6 8.11111 160 1.5 1 6 12.4984 6.28994 1.2 0 0 12.2062 8.82248 1.2 0 7 12.2341 5.72056 1.2 2 12 10.4742 6.48035 1.2 1 11 12.5039 5.51089 1.2 1 13 10.2124 9.0209 1.20248 
406 0.002 6 8.11111 160 1.5 1 6 12.4984 6.28994 1.2 0 0 12.2062 8.82248 1.2 2 7 12.2341 5.72056 1.2 1 12 10.4742 6.48035 1.2 1 11 12.5039 5.51089 1.2 1 13 10.2124 9.0209 1.20248 
407 0.002 6 8.11111 160 1.5 1 6 12.4984 6.28994 1.2 0 0 12.2062 8.82248 1.2 0 7 12.2341 5.72056 1.2 0 12 10.4742 6.48035 1.2 2 11 12.5039 5.51089 1.2 1 13 10.2124 9.0209 1.20248 
408 0.002 6 8.11111 160 1.5 1 6 12.4984 6.28994 1.2 0 0 12.2062 8.82248 1.2 0 7 12.2341 5.72056 1.2 1 12 10.4742 6.48035 1.2 1 11 12.5039 5.51089 1.2 1 13 10.2124 9.0209 1.20248 
409 0.002 6 8.11111 160 1.5 1 6 12.4984 6.28994 1.2 0 0 12.2062 8.82248 1.2 0 7 12.2341 5.72056 1.2 0 12 10.4742 6.48035 1.2 1 11 12.5039 5.51089 1.2 1 13 10.2124 9.0209 1.20248 
410 0.002 6 8.11111 160 1.5 1 6 12.4984 6.28994 1.2 0 0 12.2062 8.82248 1.2 0 7 12.2341 5.72056 1.2 0 12 10.4742 6.48035 1.2 1 11 12.5039 5.51089 1.2 2 13 10.2124 9.0209 1.20248 
411 0.002 6 8.11111 160 1.5 1 6 12.4984 6.28994 1.2 0 0 12.2062 8.82248 1.2 0 7 12.2341 5.72056 1.2 0 12 10.4742 6.48035 1.2 1 11 12.5039 5.51089 1.2 1 13 10.2124 9.0209 1.20248 
412 0.002 6 8.11111 160 1.5 1 6 12.4984 6.28994 1.2 0 0 12.2062 8.82248 1.2 0 7 12.2341 5.72056 1.2 0 12 10.4742 6.48035 1.2 1 11 12.5039 5.51089 1.2 1 13 10.2124 9.0209 1.20248 
413 0.002 6 8.11111 160 1.5 1 6 12.4984 6.28994 1.2 0 0 12.2062 8.82248 1.2 0 7 12.2341 5.72056 1.2 0 12 10.4742 6.48035 1.2 1 11 12.5039 5.51089 1.2 1 13 10.2124 9.0209 1.20248 
414 0.002 6 8.11111 160 1.5 1 6 12.4984 6.28994 1.2 0 0 12.2062 8.82248 1.2 1 7 12.2341 5.72056 1.2 1 12 10.4742 6.48035 1.2 1 11 12.5039 5.51089 1.2 1 13 10.2124 9.0209 1.20248 
415 0.002 6 8.11111 160 1.5 1 6 12.4984 6.28994 1.2 2 0 12.2062 8.82248 1.2 0 7 12.2341 5.72056 1.2 0 12 10.4742 6.48035 1.2 0 11 12.5039 5.51089 1.2 1 13 10.2124 9.0209 1.20248 
416 0.002 6 8.11111 160 1.5 1 6 12.4984 6.28994 1.2 0 0 12.2062 8.82248 1.2 0 7 12.2341 5.72056 1.2 0 12 10.4742 6.48035 1.2 1 11 12.5039 5.51089 1.2 1 13 10.2124 9.0209 1.20248 
417 0.002 6 8.11111 160 1.5 1 6 12.4984 6.28994 1.2 0 0 12.2062 8.82248 1.2 0 7 12.2341 5.72056 1.2 1 12 10.4742 6.48035 1.2 2 11 12.5039 5.51089 1.2 1 13 10.2124 9.0209 1.20248 
418 0.002 6 8.11111 160 1.5 1 6 12.4984 6.28994 1.2 0 0 12.2062 8.82248 1.2 0 7 12.2341 5.72056 1.2 0 12 10.4742 6.48035 1.2 1 11 12.5039 5.51089 1.2 2 13 10.2124 9.0209 1.20248 
419 0.002 6 8.11111 160 1.5 0 6 12.4984 6.28994 1.2 0 0 12.2062 8.82248 1.2 0 7 12.2341 5.72056 1.2 1 12 10.4742 6.48035 1.2 1 11 12.5039 5.51089 1.2 1 13 10.2124 9.0209 1.20248 
420 0.002 6 8.11111 160 1.5 1 6 12.4984 6.28994 1.2 0 0 12.2062 8.82248 1.2 1 7 12.2341 5.72056 1.2 2 12 10.4742 6.48035 1.2 1 11 12.5039 5.51089 1.2 1 13 10.2124 9.0209 1.20248 
421 0.002 6 8.11111 160 1.5 1 6 12.4984 6.28994 1.2 0 0 12.2062 8.82248 1.2 0 7 12.2341 5.72056 1.2 0 12 10.4742 6.48035 1.2 1 11 12.5039 5.51089 1.2 1 13 10.2124 9.0209 1.20248 
422 0.002 6 8.11111 160 1.5 1 6 12.4984 6.28994 1.2 0 0 12.2062 8.82248 1.2 1 7 12.2341 5.72056 1.2 0 12 10.4742 6.48035 1.2 1 11 12.5039 5.51089 1.2 1 13 10.2124 9.0209 1.20248 
423 0.002 6 8.11111 160 1.5 1 6 12.4984 6.28994 1.2 0 0 12.2062 8.82248 1.2 0 7 12.2341 5.72056 1.2 0 12 10.4742 6.48035 1.2 1 11 12.5039 5.51089 1.2 1 13 10.2124 9.0209 1.20248 
424 0.002 6 8.11111 160 1.5 1 6 12.4984 6.28994 1.2 0 0 12.2062 8.82248 1.2 0 7 12.2341 5.72056 1.2 0 12 10.4742 6.48035 1.2 1 11 12.5039 5.51089 1.2 1 13 10.2124 9.0209 1.20248 
425 0.002 6 8.11111 160 1.5 1 6 12.4984 6.28994 1.2 0 0 12.2062 8.82248 1.2 0 7 12.2341 5.72056 1.2 1 12 10.4742 6.48035 1.2 1 11 12.5039 5.51089 1.2 1 13 10.2124 9.0209 1.20248 
426 0.002 6 8.11111 160 1.5 1 6 12.4984 6.28994 1.2 1 0 12.2062 8.82248 1.2 2 7 12.2341 5.72056 1.2 0 12 10.4742 6.48035 1.2 1 11 12.5039 5.51089 1.2 1 13 10.2124 9.0209 1.20248 
427 0.002 6 8.11111 160 1.5 1 6 12.4984 6.28994 1.2 0 0 12.2062 8.82248 1.2 0 7 12.2341 5.72056 1.2 0 12 10.4742 6.48035 1.2 1 11 12.5039 5.51089 1.2 1 13 10.2124 9.0209 1.20248 
428 0.002 6 8.11111 160 1.5 1 6 12.4984 6.28994 1.2 0 0 12.2062 8.82248 1.2 0 7 12.2341 5.72056 1.2 0 12 10.4742 6.48035 1.2 1 11 12.5039 5.51089 1.2 1 13 10.2124 9.0209 1.20248 
429 0.002 6 8.11111 160 1.5 1 6 12.4984 6.28994 1.2 0 0 12.2062 8.82248 1.2 0 7 12.2341 5.72056 1.2 0 12 10.4742 6.48035 1.2 1 11 12.5039 5.51089 1.2 1 13 10.2124 9.0209 1.20248 
430 0.002 6 8.11111 160 1.5 1 6 12.4984 6.28994 1.2 0 0 12.2062 8.82248 1.2 0 7 12.2341 5.72056 1.2 1 12 10.4742 6.48035 1.2 1 11 12.5039 5.51089 1.2 1 13 10.2124 9.0209 1.20248 
431 0.002 6 8.11111 160 1.5 1 6 12.4984 6.28994 1.2 0 0 12.2062 8.82248 1.2 0 7 12.2341 5.72056 1.2 1 12 10.4742 6.48035 1.2 1 11 12.5039 5.51089 1.2 1 13 10.2124 9.0209 1.20248 
432 0.002 6 8.11111 160 1.5 1 6 12.4984 6.28994 1.2 0 0 12.2062 8.82248 1.2 0 7 12.2341 5.72056 1.2 1 12 10.4742 6.48035 1.2 1 11 12.5039 5.51089 1.2 1 13 10.2124 9.0209 1.20248 
433 0.002 6 8.11111 160 1.5 1 6 12.4984 6.28994 1.2 0 0 12.2062 8.82248 1.2 0 7 12.2341 5.72056 1.2 0 12 10.4742 6.48035 1.2 1 11 12.5039 5.51089 1.2 1 13 10.2124 9.0209 1.20248 
434 0.002 6 8.11111 160 1.5 1 6 12.4984 6.28994 1.2 0 0 12.2062 8.82248 1.2 0 7 12.2341 5.72056 1.2 0 12 10.4742 6.48035 1.2 0 11 12.5039 5.51089 1.2 1 13 10.2124 9.0209 1.20248 
435 0.002 6 8.11111 160 1.5 1 6 12.4984 6.28994 1.2 1 0 12.2062 8.82248 1.2 0 7 12.2341 5.72056 1.2 0 12 10.4742 6.48035 1.2 1 11 12.5039 5.51089 1.2 1 13 10.2124 9.0209 1.20248 
436 0.002 6 8.11111 160 1.5 1 6 12.4984 6.28994 1.2 0 0 12.2062 8.82248 1.2 0 7 12.2341 5.72056 1.2 0 12 10.4742 6.48035 1.2 1 11 12.5039 5.51089 1.2 1 13 10.2124 9.0209 1.20248 
437 0.002 6 8.11111 160 1.5 1 6 12.4984 6.28994 1.2 1 0 12.2062 8.82248 1.2 0 7 12.2341 5.72056 1.2 0 12 10.4742 6.48035 1.2 1 11 12.5039 5.51089 1.2 1 13 10.2124 9.0209 1.20248 
438 0.002 6 8.11111 160 1.5 1 6 12.4984 6.28994 1.2 0 0 12.2062 8.82248 1.2 0 7 12.2341 5.72056 1.2 0 12 10.4742 6.48035 1.2 1 11 12.5039 5.51089 1.2 1 13 10.2124 9.0209 1.20248 
439 0.002 6 8.11111 160 1.5 0 6 12.4984 6.28994 1.2 0 0 12.2062 8.82248 1.2 0 7 12.2341 5.72056 1.2 0 12 10.4742 6.48035 1.2 1 11 12.5039 5.51089 1.2 1 13 10.2124 9.0209 1.20248 
440 0.002 6 8.11111 160 1.5 1 6 12.4984 6.28994 1.2 1 0 12.2062 8.82248 1.2 0 7 12.2341 5.72056 1.2 1 12 10.4742 6.48035 1.2 1 11 12.5039 5.51089 1.2 1 13 10.2124 9.0209 1.20248 
441 0.002 6 8.11111 160 1.5 1 6 12.4984 6.28994 1.2 0 0 12.2062 8.82248 1.2 1 7 12.2341 5.72056 1.2 0 12 10.4742 6.48035 1.2 1 11 12.5039 5.51089 1.2 0 13 10.2124 9.0209 1.20248 
442 0.002 6 8.11111 160 1.5 1 6 12.4984 6.28994 1.2 0 0 12.2062 8.82248 1.2 0 7 12.2341 5.72056 1.2 1 12 10.4742 6.48035 1.2 0 11 12.5039 5.51089 1.2 1 13 10.2124 9.0209 1.20248 
443 0.002 6 8.11111 160 1.5 1 6 12.4984 6.28994 1.2 0 0 12.2062 8.82248 1.2 0 7 12.2341 5.72056 1.2 0 12 10.4742 6.48035 1.2 0 11 12.5039 5.51089 1.2 1 13 10.2124 9.0209 1.20248 
444 0.002 6 8.11111 160 1.5 1 6 12.4984 6.28994 1.2 0 0 12.2062 8.82248 1.2 0 7 12.2341 5.72056 1.2 1 12 10.4742 6.48035 1.2 1 11 12.5039 5.51089 1.2 1 13 10.2124 9.0209 1.20248 
445 0.002 6 8.11111 160 1.5 1 6 12.4984 6.28994 1.2 0 0 12.2062 8.82248 1.2 1 7 12.2341 5.72056 1.2 0 12 10.4742 6.48035 1.2 1 11 12.5039 5.51089 1.2 1 13 10.2124 9.0209 1.20248 
446 0.002 6 8.11111 160 1.5 1 6 12.4984 6.28994 1.2 0 0 12.2062 8.82248 1.2 0 7 12.2341 5.72056 1.2 0 12 10.4742 6.48035 1.2 1 11 12.5039 5.51089 1.2 1 13 10.2124 9.0209 1.20248 
447 0.002 6 8.11111 160 1.5 1 6 12.4984 6.28994 1.2 0 0 12.2062 8.82248 1.2 2 7 12.2341 5.72056 1.2 0 12 10.4742 6.48035 1.2 0 11 12.5039 5.51089 1.2 1 13 10.2124 9.0209 1.20248 
448 0.002 6 8.11111 160 1.5 1 6 12.4984 6.28994 1.2 1 0 12.2062 8.82248 1.2 1 7 12.2341 5.72056 1.2 0 12 10.4742 6.48035 1.2 2 11 12.5039 5.51089 1.2 1 13 10.2124 9.0209 1.20248 
449 0.002 6 8.11111 160 1.5 1 6 12.4984 6.28994 1.2 0 0 12.2062 8.82248 1.2 0 7 12.2341 5.72056 1.2 0 12 10.4742 6.48035 1.2 1 11 12.5039 5.51089 1.2 1 13 10.2124 9.0209 1.20248 
450 0.002 6 8.11111 160 1.5 1 6 12.4984 6.28994 1.2 0 0 12.2062 8.82248 1.2 0 7 12.2341 5.72056 1.2 0 12 10.4742 6.48035 1.2 1 11 12.5039 5.51089 1.2 1 13 10.2124 9.0209 1.20248 
451 0.002 6 8.11111 160 1.5 1 6 12.4984 6.28994 1.2 0 0 12.2062 8.82248 1.2 0 7 12.2341 5.72056 1.2 1 12 10.4742 6.48035 1.2 1 11 12.5039 5.51089 1.2 1 13 10.2124 9.0209 1.20248 
452 0.002 6 8.11111 160 1.5 1 6 12.4984 6.28994 1.2 0 0 12.2062 8.82248 1.2 0 7 12.2341 5.72056 1.2 0 12 10.4742 6.48035 1.2 1 11 12.5039 5.51089 1.2 1 13 10.2124 9.0209 1.20248 
453 0.002 6 8.11111 160 1.5 1 6 12.4984 6.28994 1.2 0 0 12.2062 8.82248 1.2 1 7 12.2341 5.72056 1.2 0 12 10.4742 6.48035 1.2 1 11 12.5039 5.51089 1.2 1 13 10.2124 9.0209 1.20248 
454 0.002 6 8.11111 160 1.5 1 6 12.4984 6.28994 1.2 0 0 12.2062 8.82248 1.2 0 7 12.2341 5.72056 1.2 0 12 10.4742 6.48035 1.2 1 11 12.5039 5.51089 1.2 1 13 10.2124 9.0209 1.20248 
455 0.002 6 8.11111 160 1.5 1 6 12.4984 6.28994 1.2 0 0 12.2062 8.82248 1.2 0 7 12.2341 5.72056 1.2 0 12 10.4742 6.48035 1.2 1 11 12.5039 5.51089 1.2 1 13 10.2124 9.0209 1.20248 
456 0.002 6 8.11111 160 1.5 1 6 12.4984 6.28994 1.2 1 0 12.2062 8.82248 1.2 0 7 12.2341 5.72056 1.2 0 12 10.4742 6.48035 1.2 1 11 12.5039 5.51089 1.2 1 13 10.2124 9.0209 1.20248 
457 0.002 6 8.11111 160 1.5 1 6 12.4984 6.28994 1.2 0 0 12.2062 8.82248 1.2 0 7 12.2341 5.72056 1.2 0 12 10.4742 6.48035 1.2 1 11 12.5039 5.51089 1.2 1 13 10.2124 9.0209 1.20248 
458 0.002 6 8.11111 160 1.5 1 6 12.4984 6.28994 1.2 0 0 12.2062 8.82248 1.2 0 7 12.2341 5.72056 1.2 0 12 10.4742 6.48035 1.2 0 11 12.5039 5.51089 1.2 1 13 10.2124 9.0209 1.20248 
459 0.002 6 8.11111 160 1.5 1 6 12.4984 6.28994 1.2 1 0 12.2062 8.82248 1.2 0 7 12.2341 5.72056 1.2 1 12 10.4742 6.48035 1.2 0 11 12.5039 5.51089 1.2 1 13 10.2124 9.0209 1.20248 
460 0.002 6 8.11111 160 1.5 1 6 12.4984 6.28994 1.2 0 0 12.2062 8.82248 1.2 1 7 12.2341 5.72056 1.2 1 12 10.4742 6.48035 1.2 1 11 12.5039 5.51089 1.2 1 13 10.2124 9.0209 1.20248 
461 0.002 6 8.11111 160 1.5 1 6 12.4984 6.28994 1.2 2 0 12.2062 8.82248 1.2 0 7 12.2341 5.72056 1.2 1 12 10.4742 6.48035 1.2 1 11 12.5039 5.51089 1.2 1 13 10.2124 9.0209 1.20248 
462 0.002 6 8.11111 160 1.5 1 6 12.4984 6.28994 1.2 0 0 12.2062 8.82248 1.2 0 7 12.2341 5.72056 1.2 0 12 10.4742 6.48035 1.2 0 11 12.5039 5.51089 1.2 1 13 10.2124 9.0209 1.20248 
463 0.002 6 8.11111 160 1.5 1 6 12.4984 6.28994 1.2 0 0 12.2062 8.82248 1.2 0 7 12.2341 5.72056 1.2 0 12 10.4742 6.48035 1.2 1 11 12.5039 5.51089 1.2 1 13 10.2124 9.0209 1.20248 
464 0.002 6 8.11111 160 1.5 1 6 12.4984 6.28994 1.2 0 0 12.2062 8.82248 1.2 1 7 12.2341 5.72056 1.2 0 12 10.4742 6.48035 1.2 1 11 12.5039 5.51089 1.2 1 13 10.2124 9.0209 1.20248 
465 0.002 6 8.11111 160 1.5 1 6 12.4984 6.28994 1.2 1 0 12.2062 8.82248 1.2 1 7 12.2341 5.72056 1.2 0 12 10.4742 6.48035 1.2 1 11 12.5039 5.51089 1.2 1 13 10.2124 9.0209 1.20248 
466 0.002 6 8.11111 160 1.5 1 6 12.4984 6.28994 1.2 0 0 12.2062 8.82248 1.2 0 7 12.2341 5.72056 1.2 0 12 10.4742 6.48035 1.2 1 11 12.5039 5.51089 1.2 1 13 10.2124 9.0209 1.20248 
467 0.002 6 8.11111 160 1.5 1 6 12.4984 6.28994 1.2 0 0 12.2062 8.82248 1.2 0 7 12.2341 5.72056 1.2 0 12 10.4742 6.48035 1.2 1 11 12.5039 5.51089 1.2 1 13 10.2124 9.0209 1.20248 
468 0.002 6 8.11111 160 1.5 1 6 12.4984 6.28994 1.2 0 0 12.2062 8.82248 1.2 0 7 12.2341 5.72056 1.2 0 12 10.4742 6.48035 1.2 1 11 12.5039 5.51089 1.2 1 13 10.2124 9.0209 1.20248 
469 0.002 6 8.11111 160 1.5 1 6 12.4984 6.28994 1.2 0 0 12.2062 8.82248 1.2 0 7 12.2341 5.72056 1.2 0 12 10.4742 6.48035 1.2 1 11 12.5039 5.51089 1.2 1 13 10.2124 9.0209 1.20248 
470 0.002 6 8.11111 160 1.5 1 6 12.4984 6.28994 1.2 0 0 12.2062 8.82248 1.2 0 7 12.2341 5.72056 1.2 0 12 10.4742 6.48035 1.2 1 11 12.5039 5.51089 1.2 1 13 10.2124 9.0209 1.20248 
471 0.002 6 8.11111 160 1.5 1 6 12.4984 6.28994 1.2 0 0 12.2062 8.82248 1.2 0 7 12.2341 5.72056 1.2 0 12 10.4742 6.48035 1.2 2 11 12.5039 5.51089 1.2 1 13 10.2124 9.0209 1.20248 
472 0.002 6 8.11111 160 1.5 1 6 12.4984 6.28994 1.2 1 0 12.2062 8.82248 1.2 0 7 12.2341 5.72056 1.2 0 12 10.4742 6.48035 1.2 1 11 12.5039 5.51089 1.2 0 13 10.2124 9.0209 1.20248 
473 0.002 6 8.11111 160 1.5 1 6 12.4984 6.28994 1.2 0 0 12.2062 8.82248 1.2 1 7 12.2341 5.72056 1.2 0 12 10.4742 6.48035 1.2 1 11 12.5039 5.51089 1.2 1 13 10.2124 9.0209 1.20248 
474 0.002 6 8.11111 160 1.5 1 6 12.4984 6.28994 1.2 0 0 12.2062 8.82248 1.2 0 7 12.2341 5.72056 1.2 0 12 10.4742 6.48035 1.2 1 11 12.5039 5.51089 1.2 1 13 10.2124 9.0209 1.20248 
475 0.002 6 8.11111 160 1.5 1 6 12.4984 6.28994 1.2 0 0 12.2062 8.82248 1.2 0 7 12.2341 5.72056 1.2 1 12 10.4742 6.48035 1.2 0 11 12.5039 5.51089 1.2 1 13 10.2124 9.0209 1.20248 
476 0.002 6 8.11111 160 1.5 1 6 12.4984 6.28994 1.2 0 0 12.2062 8.82248 1.2 2 7 12.2341 5.72056 1.2 0 12 10.4742 6.48035 1.2 1 11 12.5039 5.51089 1.2 1 13 10.2124 9.0209 1.20248 
477 0.002 6 8.11111 160 1.5 1 6 12.4984 6.28994 1.2 0 0 12.2062 8.82248 1.2 0 7 12.2341 5.72056 1.2 0 12 10.4742 6.48035 1.2 1 11 12.5039 5.51089 1.2 1 13 10.2124 9.0209 1.20248 
478 0.002 6 8.11111 160 1.5 1 6 12.4984 6.28994 1.2 0 0 12.2062 8.82248 1.2 0 7 12.2341 5.72056 1.2 1 12 10.4742 6.48035 1.2 1 11 12.5039 5.51089 1.2 1 13 10.2124 9.0209 1.20248 
479 0.002 6 8.11111 160 1.5 1 6 12.4984 6.28994 1.2 0 0 12.2062 8.82248 1.2 0 7 12.2341 5.72056 1.2 0 12 10.4742 6.48035 1.2 1 11 12.5039 5.51089 1.2 1 13 10.2124 9.0209 1.20248 
480 0.002 6 8.11111 160 1.5 1 6 12.4984 6.28994 1.2 0 0 12.2062 8.82248 1.2 2 7 12.2341 5.72056 1.2 0 12 10.4742 6.48035 1.2 1 11 12.5039 5.51089 1.2 1 13 10.2124 9.0209 1.20248 
481 0.002 6 8.11111 160 1.5 1 6 12.4984 6.28994 1.2 0 0 12.2062 8.82248 1.2 0 7 12.2341 5.72056 1.2 0 12 10.4742 6.48035 1.2 1 11 12.5039 5.51089 1.2 1 13 10.2124 9.0209 1.20248 
482 0.002 6 8.11111 160 1.5 1 6 12.4984 6.28994 1.2 0 0 12.2062 8.82248 1.2 0 7 12.2341 5.72056 1.2 0 12 10.4742 6.48035 1.2 1 11 12.5039 5.51089 1.2 1 13 10.2124 9.0209 1.20248 
483 0.002 6 8.11111 160 1.5 1 6 12.4984 6.28994 1.2 0 0 12.2062 8.82248 1.2 0 7 12.2341 5.72056 1.2 0 12 10.4742 6.48035 1.2 2 11 12.5039 5.51089 1.2 1 13 10.2124 9.0209 1.20248 
484 0.002 6 8.11111 160 1.5 1 6 12.4984 6.28994 1.2 0 0 12.2062 8.82248 1.2 0 7 12.2341 5.72056 1.2 0 12 10.4742 6.48035 1.2 1 11 12.5039 5.51089 1.2 1 13 10.2124 9.0209 1.20248 
485 0.002 6 8.11111 160 1.5 2 6 12.4984 6.28994 1.2 0 0 12.2062 8.82248 1.2 0 7 12.2341 5.72056 1.2 1 12 10.4742 6.48035 1.2 1 11 12.5039 5.51089 1.2 1 13 10.2124 9.0209 1.20248 
486 0.002 6 8.11111 160 1.5 1 6 12.4984 6.28994 1.2 0 0 12.2062 8.82248 1.2 0 7 12.2341 5.72056 1.2 0 12 10.4742 6.48035 1.2 0 11 12.5039 5.51089 1.2 1 13 10.2124 9.0209 1.20248 
487 0.002 6 8.11111 160 1.5 1 6 12.4984 6.28994 1.2 0 0 12.2062 8.82248 1.2 1 7 12.2341 5.72056 1.2 0 12 10.4742 6.48035 1.2 0 11 12.5039 5.51089 1.2 0 13 10.2124 9.0209 1.20248 
488 0.002 6 8.11111 160 1.5 1 6 12.4984 6.28994 1.2 0 0 12.2062 8.82248 1.2 0 7 12.2341 5.72056 1.2 0 12 10.4742 6.48035 1.2 1 11 12.5039 5.51089 1.2 1 13 10.2124 9.0209 1.20248 
489 0.002 6 8.11111 160 1.5 1 6 12.4984 6.28994 1.2 0 0 12.2062 8.82248 1.2 0 7 12.2341 5.72056 1.2 0 12 10.4742 6.48035 1.2 1 11 12.5039 5.51089 1.2 1 13 10.2124 9.0209 1.20248 
490 0.002 6 8.11111 160 1.5 1 6 12.4984 6.28994 1.2 0 0 12.2062 8.82248 1.2 0 7 12.2341 5.72056 1.2 0 12 10.4742 6.48035 1.2 0 11 12.5039 5.51089 1.2 1 13 10.2124 9.0209 1.20248 
491 0.002 6 8.11111 160 1.5 1 6 12.4984 6.28994 1.2 0 0 12.2062 8.82248 1.2 1 7 12.2341 5.72056 1.2 0 12 10.4742 6.48035 1.2 1 11 12.5039 5.51089 1.2 1 13 10.2124 9.0209 1.20248 
492 0.002 6 8.11111 160 1.5 1 6 12.4984 6.28994 1.2 0 0 12.2062 8.82248 1.2 2 7 12.2341 5.72056 1.2 0 12 10.4742 6.48035 1.2 1 11 12.5039 5.51089 1.2 0 13 10.2124 9.0209 1.20248 
493 0.002 6 8.11111 160 1.5 1 6 12.4984 6.28994 1.2 0 0 12.2062 8.82248 1.2 1 7 12.2341 5.72056 1.2 0 12 10.4742 6.48035 1.2 0 11 12.5039 5.51089 1.2 1 13 10.2124 9.0209 1.20248 
494 0.002 6 8.11111 160 1.5 1 6 12.4984 6.28994 1.2 0 0 12.2062 8.82248 1.2 0 7 12.2341 5.72056 1.2 0 12 10.4742 6.48035 1.2 1 11 12.5039 5.51089 1.2 1 13 10.2124 9.0209 1.20248 
495 0.002 6 8.11111 160 1.5 1 6 12.4984 6.28994 1.2 0 0 12.2062 8.82248 1.2 1 7 12.2341 5.72056 1.2 0 12 10.4742 6.48035 1.2 1 11 12.5039 5.51089 1.2 1 13 10.2124 9.0209 1.20248 
496 0.002 6 8.11111 160 1.5 1 6 12.4984 6.28994 1.2 0 0 12.2062 8.82248 1.2 0 7 12.2341 5.72056 1.2 1 12 10.4742 6.48035 1.2 1 11 12.5039 5.51089 1.2 1 13 10.2124 9.0209 1.20248 
497 0.002 6 8.11111 160 1.5 1 6 12.4984 6.28994 1.2 0 0 12.2062 8.82248 1.2 0 7 12.2341 5.72056 1.2 0 12 10.4742 6.48035 1.2 2 11 12.5039 5.51089 1.2 1 13 10.2124 9.0209 1.20248 
498 0.002 6 8.11111 160 1.5 1 6 12.4984 6.28994 1.2 0 0 12.2062 8.82248 1.2 0 7 12.2341 5.72056 1.2 1 12 10.4742 6.48035 1.2 1 11 12.5039 5.51089 1.2 1 13 10.2124 9.0209 1.20248 
499 0.002 6 8.11111 160 1.5 1 6 12.4984 6.28994 1.2 0 0 12.2062 8.82248 1.2 0 7 12.2341 5.72056 1.2 0 12 10.4742 6.48035 1.2 0 11 12.5039 5.51089 1.2 1 13 10.2124 9.0209 1.20248 
