500
0 0.002 6 7.61111 150 1.5 2 0 12.6043 8.86134 1.2 1 6 12.3115 5.93629 1.2 0 12 10.8068 6.25811 1.2 1 7 12.4578 5.38898 1.2 0 11 12.793 5.23443 1.2 1 13 10.2337 8.62147 1.2031 
1 0.002 6 7.61111 150 1.5 0 0 12.6043 8.86134 1.2 1 6 12.3115 5.93629 1.2 0 12 10.8068 6.25811 1.2 0 7 12.4578 5.38898 1.2 1 11 12.793 5.23443 1.2 1 13 10.2337 8.62147 1.2031 
2 0.002 6 7.61111 150 1.5 0 0 12.6043 8.86134 1.2 0 6 12.3115 5.93629 1.2 0 12 10.8068 6.25811 1.2 0 7 12.4578 5.38898 1.2 1 11 12.793 5.23443 1.2 1 13 10.2337 8.62147 1.2031 
3 0.002 6 7.61111 150 1.5 2 0 12.6043 8.86134 1.2 2 6 12.3115 5.93629 1.2 0 12 10.8068 6.25811 1.2 0 7 12.4578 5.38898 1.2 2 11 12.793 5.23443 1.2 1 13 10.2337 8.62147 1.2031 
4 0.002 6 7.61111 150 1.5 0 0 12.6043 8.86134 1.2 1 6 12.3115 5.93629 1.2 0 12 10.8068 6.25811 1.2 0 7 12.4578 5.38898 1.2 1 11 12.793 5.23443 1.2 1 13 10.2337 8.62147 1.2031 
5 0.002 6 7.61111 150 1.5 1 0 12.6043 8.86134 1.2 1 6 12.3115 5.93629 1.2 0 12 10.8068 6.25811 1.2 0 7 12.4578 5.38898 1.2 1 11 12.793 5.23443 1.2 1 13 10.2337 8.62147 1.2031 
6 0.002 6 7.61111 150 1.5 1 0 12.6043 8.86134 1.2 1 6 12.3115 5.93629 1.2 0 12 10.8068 6.25811 1.2 0 7 12.4578 5.38898 1.2 2 11 12.793 5.23443 1.2 1 13 10.2337 8.62147 1.2031 
7 0.002 6 7.61111 150 1.5 0 0 12.6043 8.86134 1.2 1 6 12.3115 5.93629 1.2 1 12 10.8068 6.25811 1.2 0 7 12.4578 5.38898 1.2 1 11 12.793 5.23443 1.2 1 13 10.2337 8.62147 1.2031 
8 0.002 6 7.61111 150 1.5 0 0 12.6043 8.86134 1.2 1 6 12.3115 5.93629 1.2 0 12 10.8068 6.25811 1.2 0 7 12.4578 5.38898 1.2 1 11 12.793 5.23443 1.2 1 13 10.2337 8.62147 1.2031 
9 0.002 6 7.61111 150 1.5 2 0 12.6043 8.86134 1.2 1 6 12.3115 5.93629 1.2 0 12 10.8068 6.25811 1.2 0 7 12.4578 5.38898 1.2 1 11 12.793 5.23443 1.2 1 13 10.2337 8.62147 1.2031 
10 0.002 6 7.61111 150 1.5 0 0 12.6043 8.86134 1.2 1 6 12.3115 5.93629 1.2 0 12 10.8068 6.25811 1.2 0 7 12.4578 5.38898 1.2 1 11 12.793 5.23443 1.2 2 13 10.2337 8.62147 1.2031 
11 0.002 6 7.61111 150 1.5 1 0 12.6043 8.86134 1.2 1 6 12.3115 5.93629 1.2 1 12 10.8068 6.25811 1.2 0 7 12.4578 5.38898 1.2 1 11 12.793 5.23443 1.2 1 13 10.2337 8.62147 1.2031 
12 0.002 6 7.61111 150 1.5 0 0 12.6043 8.86134 1.2 1 6 12.3115 5.93629 1.2 0 12 10.8068 6.25811 1.2 0 7 12.4578 5.38898 1.2 1 11 12.793 5.23443 1.2 1 13 10.2337 8.62147 1.2031 
13 0.002 6 7.61111 150 1.5 1 0 12.6043 8.86134 1.2 1 6 12.3115 5.93629 1.2 0 12 10.8068 6.25811 1.2 2 7 12.4578 5.38898 1.2 1 11 12.793 5.23443 1.2 1 13 10.2337 8.62147 1.2031 
14 0.002 6 7.61111 150 1.5 0 0 12.6043 8.86134 1.2 1 6 12.3115 5.93629 1.2 1 12 10.8068 6.25811 1.2 0 7 12.4578 5.38898 1.2 1 11 12.793 5.23443 1.2 2 13 10.2337 8.62147 1.2031 
15 0.002 6 7.61111 150 1.5 0 0 12.6043 8.86134 1.2 1 6 12.3115 5.93629 1.2 0 12 10.8068 6.25811 1.2 0 7 12.4578 5.38898 1.2 1 11 12.793 5.23443 1.2 1 13 10.2337 8.62147 1.2031 
16 0.002 6 7.61111 150 1.5 0 0 12.6043 8.86134 1.2 1 6 12.3115 5.93629 1.2 0 12 10.8068 6.25811 1.2 1 7 12.4578 5.38898 1.2 1 11 12.793 5.23443 1.2 1 13 10.2337 8.62147 1.2031 
17 0.002 6 7.61111 150 1.5 1 0 12.6043 8.86134 1.2 1 6 12.3115 5.93629 1.2 0 12 10.8068 6.25811 1.2 0 7 12.4578 5.38898 1.2 1 11 12.793 5.23443 1.2 1 13 10.2337 8.62147 1.2031 
18 0.002 6 7.61111 150 1.5 2 0 12.6043 8.86134 1.2 1 6 12.3115 5.93629 1.2 2 12 10.8068 6.25811 1.2 0 7 12.4578 5.38898 1.2 1 11 12.793 5.23443 1.2 1 13 10.2337 8.62147 1.2031 
19 0.002 6 7.61111 150 1.5 0 0 12.6043 8.86134 1.2 1 6 12.3115 5.93629 1.2 2 12 10.8068 6.25811 1.2 0 7 12.4578 5.38898 1.2 2 11 12.793 5.23443 1.2 1 13 10.2337 8.62147 1.2031 
20 0.002 6 7.61111 150 1.5 0 0 12.6043 8.86134 1.2 1 6 12.3115 5.93629 1.2 1 12 10.8068 6.25811 1.2 0 7 12.4578 5.38898 1.2 1 11 12.793 5.23443 1.2 1 13 10.2337 8.62147 1.2031 
21 0.002 6 7.61111 150 1.5 0 0 12.6043 8.86134 1.2 1 6 12.3115 5.93629 1.2 0 12 10.8068 6.25811 1.2 0 7 12.4578 5.38898 1.2 1 11 12.793 5.23443 1.2 1 13 10.2337 8.62147 1.2031 
22 0.002 6 7.61111 150 1.5 2 0 12.6043 8.86134 1.2 1 6 12.3115 5.93629 1.2 0 12 10.8068 6.25811 1.2 0 7 12.4578 5.38898 1.2 1 11 12.793 5.23443 1.2 1 13 10.2337 8.62147 1.2031 
23 0.002 6 7.61111 150 1.5 2 0 12.6043 8.86134 1.2 1 6 12.3115 5.93629 1.2 0 12 10.8068 6.25811 1.2 0 7 12.4578 5.38898 1.2 1 11 12.793 5.23443 1.2 1 13 10.2337 8.62147 1.2031 
24 0.002 6 7.61111 150 1.5 0 0 12.6043 8.86134 1.2 1 6 12.3115 5.93629 1.2 0 12 10.8068 6.25811 1.2 0 7 12.4578 5.38898 1.2 1 11 12.793 5.23443 1.2 1 13 10.2337 8.62147 1.2031 
25 0.002 6 7.61111 150 1.5 2 0 12.6043 8.86134 1.2 1 6 12.3115 5.93629 1.2 0 12 10.8068 6.25811 1.2 0 7 12.4578 5.38898 1.2 1 11 12.793 5.23443 1.2 1 13 10.2337 8.62147 1.2031 
26 0.002 6 7.61111 150 1.5 1 0 12.6043 8.86134 1.2 1 6 12.3115 5.93629 1.2 0 12 10.8068 6.25811 1.2 1 7 12.4578 5.38898 1.2 1 11 12.793 5.23443 1.2 1 13 10.2337 8.62147 1.2031 
27 0.002 6 7.61111 150 1.5 0 0 12.6043 8.86134 1.2 1 6 12.3115 5.93629 1.2 0 12 10.8068 6.25811 1.2 1 7 12.4578 5.38898 1.2 1 11 12.793 5.23443 1.2 1 13 10.2337 8.62147 1.2031 
28 0.002 6 7.61111 150 1.5 0 0 12.6043 8.86134 1.2 1 6 12.3115 5.93629 1.2 0 12 10.8068 6.25811 1.2 0 7 12.4578 5.38898 1.2 1 11 12.793 5.23443 1.2 1 13 10.2337 8.62147 1.2031 
29 0.002 6 7.61111 150 1.5 0 0 12.6043 8.86134 1.2 1 6 12.3115 5.93629 1.2 0 12 10.8068 6.25811 1.2 0 7 12.4578 5.38898 1.2 1 11 12.793 5.23443 1.2 1 13 10.2337 8.62147 1.2031 
30 0.002 6 7.61111 150 1.5 0 0 12.6043 8.86134 1.2 1 6 12.3115 5.93629 1.2 0 12 10.8068 6.25811 1.2 0 7 12.4578 5.38898 1.2 1 11 12.793 5.23443 1.2 1 13 10.2337 8.62147 1.2031 
31 0.002 6 7.61111 150 1.5 0 0 12.6043 8.86134 1.2 1 6 12.3115 5.93629 1.2 0 12 10.8068 6.25811 1.2 0 7 12.4578 5.38898 1.2 1 11 12.793 5.23443 1.2 0 13 10.2337 8.62147 1.2031 
32 0.002 6 7.61111 150 1.5 0 0 12.6043 8.86134 1.2 1 6 12.3115 5.93629 1.2 2 12 10.8068 6.25811 1.2 0 7 12.4578 5.38898 1.2 1 11 12.793 5.23443 1.2 1 13 10.2337 8.62147 1.2031 
33 0.002 6 7.61111 150 1.5 1 0 12.6043 8.86134 1.2 1 6 12.3115 5.93629 1.2 1 12 10.8068 6.25811 1.2 0 7 12.4578 5.38898 1.2 1 11 12.793 5.23443 1.2 1 13 10.2337 8.62147 1.2031 
34 0.002 6 7.61111 150 1.5 0 0 12.6043 8.86134 1.2 1 6 12.3115 5.93629 1.2 0 12 10.8068 6.25811 1.2 0 7 12.4578 5.38898 1.2 1 11 12.793 5.23443 1.2 1 13 10.2337 8.62147 1.2031 
35 0.002 6 7.61111 150 1.5 0 0 12.6043 8.86134 1.2 1 6 12.3115 5.93629 1.2 0 12 10.8068 6.25811 1.2 2 7 12.4578 5.38898 1.2 1 11 12.793 5.23443 1.2 1 13 10.2337 8.62147 1.2031 
36 0.002 6 7.61111 150 1.5 0 0 12.6043 8.86134 1.2 1 6 12.3115 5.93629 1.2 0 12 10.8068 6.25811 1.2 0 7 12.4578 5.38898 1.2 1 11 12.793 5.23443 1.2 1 13 10.2337 8.62147 1.2031 
37 0.002 6 7.61111 150 1.5 1 0 12.6043 8.86134 1.2 1 6 12.3115 5.93629 1.2 0 12 10.8068 6.25811 1.2 0 7 12.4578 5.38898 1.2 1 11 12.793 5.23443 1.2 1 13 10.2337 8.62147 1.2031 
38 0.002 6 7.61111 150 1.5 1 0 12.6043 8.86134 1.2 1 6 12.3115 5.93629 1.2 0 12 10.8068 6.25811 1.2 0 7 12.4578 5.38898 1.2 1 11 12.793 5.23443 1.2 1 13 10.2337 8.62147 1.2031 
39 0.002 6 7.61111 150 1.5 1 0 12.6043 8.86134 1.2 1 6 12.3115 5.93629 1.2 0 12 10.8068 6.25811 1.2 0 7 12.4578 5.38898 1.2 1 11 12.793 5.23443 1.2 1 13 10.2337 8.62147 1.2031 
40 0.002 6 7.61111 150 1.5 1 0 12.6043 8.86134 1.2 1 6 12.3115 5.93629 1.2 1 12 10.8068 6.25811 1.2 0 7 12.4578 5.38898 1.2 1 11 12.793 5.23443 1.2 1 13 10.2337 8.62147 1.2031 
41 0.002 6 7.61111 150 1.5 0 0 12.6043 8.86134 1.2 1 6 12.3115 5.93629 1.2 0 12 10.8068 6.25811 1.2 0 7 12.4578 5.38898 1.2 2 11 12.793 5.23443 1.2 1 13 10.2337 8.62147 1.2031 
42 0.002 6 7.61111 150 1.5 0 0 12.6043 8.86134 1.2 1 6 12.3115 5.93629 1.2 0 12 10.8068 6.25811 1.2 0 7 12.4578 5.38898 1.2 2 11 12.793 5.23443 1.2 1 13 10.2337 8.62147 1.2031 
43 0.002 6 7.61111 150 1.5 0 0 12.6043 8.86134 1.2 1 6 12.3115 5.93629 1.2 1 12 10.8068 6.25811 1.2 0 7 12.4578 5.38898 1.2 0 11 12.793 5.23443 1.2 1 13 10.2337 8.62147 1.2031 
44 0.002 6 7.61111 150 1.5 0 0 12.6043 8.86134 1.2 1 6 12.3115 5.93629 1.2 0 12 10.8068 6.25811 1.2 0 7 12.4578 5.38898 1.2 1 11 12.793 5.23443 1.2 1 13 10.2337 8.62147 1.2031 
45 0.002 6 7.61111 150 1.5 0 0 12.6043 8.86134 1.2 1 6 12.3115 5.93629 1.2 0 12 10.8068 6.25811 1.2 0 7 12.4578 5.38898 1.2 1 11 12.793 5.23443 1.2 1 13 10.2337 8.62147 1.2031 
46 0.002 6 7.61111 150 1.5 1 0 12.6043 8.86134 1.2 1 6 12.3115 5.93629 1.2 1 12 10.8068 6.25811 1.2 0 7 12.4578 5.38898 1.2 1 11 12.793 5.23443 1.2 1 13 10.2337 8.62147 1.2031 
47 0.002 6 7.61111 150 1.5 1 0 12.6043 8.86134 1.2 1 6 12.3115 5.93629 1.2 0 12 10.8068 6.25811 1.2 0 7 12.4578 5.38898 1.2 1 11 12.793 5.23443 1.2 1 13 10.2337 8.62147 1.2031 
48 0.002 6 7.61111 150 1.5 1 0 12.6043 8.86134 1.2 1 6 12.3115 5.93629 1.2 0 12 10.8068 6.25811 1.2 1 7 12.4578 5.38898 1.2 1 11 12.793 5.23443 1.2 1 13 10.2337 8.62147 1.2031 
49 0.002 6 7.61111 150 1.5 0 0 12.6043 8.86134 1.2 1 6 12.3115 5.93629 1.2 0 12 10.8068 6.25811 1.2 0 7 12.4578 5.38898 1.2 1 11 12.793 5.23443 1.2 1 13 10.2337 8.62147 1.2031 
50 0.002 6 7.61111 150 1.5 0 0 12.6043 8.86134 1.2 1 6 12.3115 5.93629 1.2 0 12 10.8068 6.25811 1.2 0 7 12.4578 5.38898 1.2 1 11 12.793 5.23443 1.2 1 13 10.2337 8.62147 1.2031 
51 0.002 6 7.61111 150 1.5 0 0 12.6043 8.86134 1.2 1 6 12.3115 5.93629 1.2 0 12 10.8068 6.25811 1.2 1 7 12.4578 5.38898 1.2 1 11 12.793 5.23443 1.2 1 13 10.2337 8.62147 1.2031 
52 0.002 6 7.61111 150 1.5 0 0 12.6043 8.86134 1.2 1 6 12.3115 5.93629 1.2 0 12 10.8068 6.25811 1.2 0 7 12.4578 5.38898 1.2 1 11 12.793 5.23443 1.2 1 13 10.2337 8.62147 1.2031 
53 0.002 6 7.61111 150 1.5 1 0 12.6043 8.86134 1.2 1 6 12.3115 5.93629 1.2 0 12 10.8068 6.25811 1.2 0 7 12.4578 5.38898 1.2 1 11 12.793 5.23443 1.2 1 13 10.2337 8.62147 1.2031 
54 0.002 6 7.61111 150 1.5 0 0 12.6043 8.86134 1.2 0 6 12.3115 5.93629 1.2 1 12 10.8068 6.25811 1.2 2 7 12.4578 5.38898 1.2 1 11 12.793 5.23443 1.2 1 13 10.2337 8.62147 1.2031 
55 0.002 6 7.61111 150 1.5 0 0 12.6043 8.86134 1.2 1 6 12.3115 5.93629 1.2 1 12 10.8068 6.25811 1.2 0 7 12.4578 5.38898 1.2 1 11 12.793 5.23443 1.2 1 13 10.2337 8.62147 1.2031 
56 0.002 6 7.61111 150 1.5 1 0 12.6043 8.86134 1.2 1 6 12.3115 5.93629 1.2 0 12 10.8068 6.25811 1.2 0 7 12.4578 5.38898 1.2 1 11 12.793 5.23443 1.2 1 13 10.2337 8.62147 1.2031 
57 0.002 6 7.61111 150 1.5 0 0 12.6043 8.86134 1.2 1 6 12.3115 5.93629 1.2 0 12 10.8068 6.25811 1.2 0 7 12.4578 5.38898 1.2 1 11 12.793 5.23443 1.2 1 13 10.2337 8.62147 1.2031 
58 0.002 6 7.61111 150 1.5 0 0 12.6043 8.86134 1.2 1 6 12.3115 5.93629 1.2 0 12 10.8068 6.25811 1.2 0 7 12.4578 5.38898 1.2 1 11 12.793 5.23443 1.2 1 13 10.2337 8.62147 1.2031 
59 0.002 6 7.61111 150 1.5 0 0 12.6043 8.86134 1.2 1 6 12.3115 5.93629 1.2 1 12 10.8068 6.25811 1.2 0 7 12.4578 5.38898 1.2 1 11 12.793 5.23443 1.2 1 13 10.2337 8.62147 1.2031 
60 0.002 6 7.61111 150 1.5 1 0 12.6043 8.86134 1.2 1 6 12.3115 5.93629 1.2 2 12 10.8068 6.25811 1.2 1 7 12.4578 5.38898 1.2 1 11 12.793 5.23443 1.2 1 13 10.2337 8.62147 1.2031 
61 0.002 6 7.61111 150 1.5 0 0 12.6043 8.86134 1.2 1 6 12.3115 5.93629 1.2 0 12 10.8068 6.25811 1.2 0 7 12.4578 5.38898 1.2 2 11 12.793 5.23443 1.2 1 13 10.2337 8.62147 1.2031 
62 0.002 6 7.61111 150 1.5 2 0 12.6043 8.86134 1.2 1 6 12.3115 5.93629 1.2 0 12 10.8068 6.25811 1.2 0 7 12.4578 5.38898 1.2 1 11 12.793 5.23443 1.2 1 13 10.2337 8.62147 1.2031 
63 0.002 6 7.61111 150 1.5 0 0 12.6043 8.86134 1.2 1 6 12.3115 5.93629 1.2 1 12 10.8068 6.25811 1.2 0 7 12.4578 5.38898 1.2 1 11 12.793 5.23443 1.2 1 13 10.2337 8.62147 1.2031 
64 0.002 6 7.61111 150 1.5 1 0 12.6043 8.86134 1.2 1 6 12.3115 5.93629 1.2 0 12 10.8068 6.25811 1.2 0 7 12.4578 5.38898 1.2 1 11 12.793 5.23443 1.2 1 13 10.2337 8.62147 1.2031 
65 0.002 6 7.61111 150 1.5 1 0 12.6043 8.86134 1.2 1 6 12.3115 5.93629 1.2 1 12 10.8068 6.25811 1.2 0 7 12.4578 5.38898 1.2 1 11 12.793 5.23443 1.2 1 13 10.2337 8.62147 1.2031 
66 0.002 6 7.61111 150 1.5 0 0 12.6043 8.86134 1.2 1 6 12.3115 5.93629 1.2 0 12 10.8068 6.25811 1.2 0 7 12.4578 5.38898 1.2 1 11 12.793 5.23443 1.2 1 13 10.2337 8.62147 1.2031 
67 0.002 6 7.61111 150 1.5 1 0 12.6043 8.86134 1.2 1 6 12.3115 5.93629 1.2 0 12 10.8068 6.25811 1.2 0 7 12.4578 5.38898 1.2 1 11 12.793 5.23443 1.2 0 13 10.2337 8.62147 1.2031 
68 0.002 6 7.61111 150 1.5 0 0 12.6043 8.86134 1.2 1 6 12.3115 5.93629 1.2 0 12 10.8068 6.25811 1.2 0 7 12.4578 5.38898 1.2 1 11 12.793 5.23443 1.2 1 13 10.2337 8.62147 1.2031 
69 0.002 6 7.61111 150 1.5 2 0 12.6043 8.86134 1.2 1 6 12.3115 5.93629 1.2 0 12 10.8068 6.25811 1.2 0 7 12.4578 5.38898 1.2 1 11 12.793 5.23443 1.2 1 13 10.2337 8.62147 1.2031 
70 0.002 6 7.61111 150 1.5 1 0 12.6043 8.86134 1.2 1 6 12.3115 5.93629 1.2 1 12 10.8068 6.25811 1.2 0 7 12.4578 5.38898 1.2 1 11 12.793 5.23443 1.2 1 13 10.2337 8.62147 1.2031 
71 0.002 6 7.61111 150 1.5 0 0 12.6043 8.86134 1.2 1 6 12.3115 5.93629 1.2 0 12 10.8068 6.25811 1.2 0 7 12.4578 5.38898 1.2 1 11 12.793 5.23443 1.2 1 13 10.2337 8.62147 1.2031 
72 0.002 6 7.61111 150 1.5 0 0 12.6043 8.86134 1.2 1 6 12.3115 5.93629 1.2 0 12 10.8068 6.25811 1.2 0 7 12.4578 5.38898 1.2 0 11 12.793 5.23443 1.2 1 13 10.2337 8.62147 1.2031 
73 0.002 6 7.61111 150 1.5 1 0 12.6043 8.86134 1.2 1 6 12.3115 5.93629 1.2 0 12 10.8068 6.25811 1.2 0 7 12.4578 5.38898 1.2 1 11 12.793 5.23443 1.2 1 13 10.2337 8.62147 1.2031 
74 0.002 6 7.61111 150 1.5 0 0 12.6043 8.86134 1.2 1 6 12.3115 5.93629 1.2 0 12 10.8068 6.25811 1.2 0 7 12.4578 5.38898 1.2 1 11 12.793 5.23443 1.2 1 13 10.2337 8.62147 1.2031 
75 0.002 6 7.61111 150 1.5 1 0 12.6043 8.86134 1.2 1 6 12.3115 5.93629 1.2 0 12 10.8068 6.25811 1.2 0 7 12.4578 5.38898 1.2 1 11 12.793 5.23443 1.2 1 13 10.2337 8.62147 1.2031 
76 0.002 6 7.61111 150 1.5 0 0 12.6043 8.86134 1.2 1 6 12.3115 5.93629 1.2 0 12 10.8068 6.25811 1.2 0 7 12.4578 5.38898 1.2 1 11 12.793 5.23443 1.2 1 13 10.2337 8.62147 1.2031 
77 0.002 6 7.61111 150 1.5 1 0 12.6043 8.86134 1.2 2 6 12.3115 5.93629 1.2 1 12 10.8068 6.25811 1.2 0 7 12.4578 5.38898 1.2 1 11 12.793 5.23443 1.2 1 13 10.2337 8.62147 1.2031 
78 0.002 6 7.61111 150 1.5 0 0 12.6043 8.86134 1.2 1 6 12.3115 5.93629 1.2 0 12 10.8068 6.25811 1.2 0 7 12.4578 5.38898 1.2 1 11 12.793 5.23443 1.2 1 13 10.2337 8.62147 1.2031 
79 0.002 6 7.61111 150 1.5 0 0 12.6043 8.86134 1.2 1 6 12.3115 5.93629 1.2 1 12 10.8068 6.25811 1.2 0 7 12.4578 5.38898 1.2 1 11 12.793 5.23443 1.2 1 13 10.2337 8.62147 1.2031 
80 0.002 6 7.61111 150 1.5 0 0 12.6043 8.86134 1.2 1 6 12.3115 5.93629 1.2 0 12 10.8068 6.25811 1.2 0 7 12.4578 5.38898 1.2 1 11 12.793 5.23443 1.2 1 13 10.2337 8.62147 1.2031 
81 0.002 6 7.61111 150 1.5 1 0 12.6043 8.86134 1.2 1 6 12.3115 5.93629 1.2 0 12 10.8068 6.25811 1.2 0 7 12.4578 5.38898 1.2 2 11 12.793 5.23443 1.2 1 13 10.2337 8.62147 1.2031 
82 0.002 6 7.61111 150 1.5 1 0 12.6043 8.86134 1.2 1 6 12.3115 5.93629 1.2 0 12 10.8068 6.25811 1.2 0 7 12.4578 5.38898 1.2 1 11 12.793 5.23443 1.2 1 13 10.2337 8.62147 1.2031 
83 0.002 6 7.61111 150 1.5 2 0 12.6043 8.86134 1.2 1 6 12.3115 5.93629 1.2 1 12 10.8068 6.25811 1.2 0 7 12.4578 5.38898 1.2 1 11 12.793 5.23443 1.2 1 13 10.2337 8.62147 1.2031 
84 0.002 6 7.61111 150 1.5 1 0 12.6043 8.86134 1.2 1 6 12.3115 5.93629 1.2 1 12 10.8068 6.25811 1.2 0 7 12.4578 5.38898 1.2 1 11 12.793 5.23443 1.2 1 13 10.2337 8.62147 1.2031 
85 0.002 6 7.61111 150 1.5 0 0 12.6043 8.86134 1.2 1 6 12.3115 5.93629 1.2 0 12 10.8068 6.25811 1.2 0 7 12.4578 5.38898 1.2 0 11 12.793 5.23443 1.2 1 13 10.2337 8.62147 1.2031 
86 0.002 6 7.61111 150 1.5 0 0 12.6043 8.86134 1.2 1 6 12.3115 5.93629 1.2 1 12 10.8068 6.25811 1.2 0 7 12.4578 5.38898 1.2 1 11 12.793 5.23443 1.2 1 13 10.2337 8.62147 1.2031 
87 0.002 6 7.61111 150 1.5 0 0 12.6043 8.86134 1.2 1 6 12.3115 5.93629 1.2 0 12 10.8068 6.25811 1.2 0 7 12.4578 5.38898 1.2 1 11 12.793 5.23443 1.2 1 13 10.2337 8.62147 1.2031 
88 0.002 6 7.61111 150 1.5 0 0 12.6043 8.86134 1.2 1 6 12.3115 5.93629 1.2 0 12 10.8068 6.25811 1.2 0 7 12.4578 5.38898 1.2 1 11 12.793 5.23443 1.2 1 13 10.2337 8.62147 1.2031 
89 0.002 6 7.61111 150 1.5 1 0 12.6043 8.86134 1.2 1 6 12.3115 5.93629 1.2 0 12 10.8068 6.25811 1.2 0 7 12.4578 5.38898 1.2 1 11 12.793 5.23443 1.2 1 13 10.2337 8.62147 1.2031 
90 0.002 6 7.61111 150 1.5 0 0 12.6043 8.86134 1.2 1 6 12.3115 5.93629 1.2 2 12 10.8068 6.25811 1.2 0 7 12.4578 5.38898 1.2 1 11 12.793 5.23443 1.2 1 13 10.2337 8.62147 1.2031 
91 0.002 6 7.61111 150 1.5 0 0 12.6043 8.86134 1.2 1 6 12.3115 5.93629 1.2 0 12 10.8068 6.25811 1.2 0 7 12.4578 5.38898 1.2 1 11 12.793 5.23443 1.2 1 13 10.2337 8.62147 1.2031 
92 0.002 6 7.61111 150 1.5 0 0 12.6043 8.86134 1.2 1 6 12.3115 5.93629 1.2 0 12 10.8068 6.25811 1.2 0 7 12.4578 5.38898 1.2 1 11 12.793 5.23443 1.2 1 13 10.2337 8.62147 1.2031 
93 0.002 6 7.61111 150 1.5 0 0 12.6043 8.86134 1.2 1 6 12.3115 5.93629 1.2 1 12 10.8068 6.25811 1.2 0 7 12.4578 5.38898 1.2 1 11 12.793 5.23443 1.2 1 13 10.2337 8.62147 1.2031 
94 0.002 6 7.61111 150 1.5 0 0 12.6043 8.86134 1.2 0 6 12.3115 5.93629 1.2 0 12 10.8068 6.25811 1.2 0 7 12.4578 5.38898 1.2 1 11 12.793 5.23443 1.2 1 13 10.2337 8.62147 1.2031 
95 0.002 6 7.61111 150 1.5 0 0 12.6043 8.86134 1.2 1 6 12.3115 5.93629 1.2 0 12 10.8068 6.25811 1.2 0 7 12.4578 5.38898 1.2 1 11 12.793 5.23443 1.2 1 13 10.2337 8.62147 1.2031 
96 0.002 6 7.61111 150 1.5 0 0 12.6043 8.86134 1.2 1 6 12.3115 5.93629 1.2 0 12 10.8068 6.25811 1.2 1 7 12.4578 5.38898 1.2 1 11 12.793 5.23443 1.2 1 13 10.2337 8.62147 1.2031 
97 0.002 6 7.61111 150 1.5 0 0 12.6043 8.86134 1.2 1 6 12.3115 5.93629 1.2 0 12 10.8068 6.25811 1.2 0 7 12.4578 5.38898 1.2 2 11 12.793 5.23443 1.2 2 13 10.2337 8.62147 1.2031 
98 0.002 6 7.61111 150 1.5 1 0 12.6043 8.86134 1.2 1 6 12.3115 5.93629 1.2 0 12 10.8068 6.25811 1.2 0 7 12.4578 5.38898 1.2 1 11 12.793 5.23443 1.2 1 13 10.2337 8.62147 1.2031 
99 0.002 6 7.61111 150 1.5 0 0 12.6043 8.86134 1.2 1 6 12.3115 5.93629 1.2 0 12 10.8068 6.25811 1.2 0 7 12.4578 5.38898 1.2 2 11 12.793 5.23443 1.2 1 13 10.2337 8.62147 1.2031 
100 0.002 6 7.61111 150 1.5 0 0 12.6043 8.86134 1.2 1 6 12.3115 5.93629 1.2 2 12 10.8068 6.25811 1.2 0 7 12.4578 5.38898 1.2 1 11 12.793 5.23443 1.2 1 13 10.2337 8.62147 1.2031 
101 0.002 6 7.61111 150 1.5 0 0 12.6043 8.86134 1.2 0 6 12.3115 5.93629 1.2 1 12 10.8068 6.25811 1.2 0 7 12.4578 5.38898 1.2 1 11 12.793 5.23443 1.2 1 13 10.2337 8.62147 1.2031 
102 0.002 6 7.61111 150 1.5 0 0 12.6043 8.86134 1.2 1 6 12.3115 5.93629 1.2 0 12 10.8068 6.25811 1.2 0 7 12.4578 5.38898 1.2 1 11 12.793 5.23443 1.2 1 13 10.2337 8.62147 1.2031 
103 0.002 6 7.61111 150 1.5 0 0 12.6043 8.86134 1.2 1 6 12.3115 5.93629 1.2 1 12 10.8068 6.25811 1.2 2 7 12.4578 5.38898 1.2 1 11 12.793 5.23443 1.2 1 13 10.2337 8.62147 1.2031 
104 0.002 6 7.61111 150 1.5 1 0 12.6043 8.86134 1.2 1 6 12.3115 5.93629 1.2 0 12 10.8068 6.25811 1.2 0 7 12.4578 5.38898 1.2 1 11 12.793 5.23443 1.2 1 13 10.2337 8.62147 1.2031 
105 0.002 6 7.61111 150 1.5 1 0 12.6043 8.86134 1.2 1 6 12.3115 5.93629 1.2 0 12 10.8068 6.25811 1.2 0 7 12.4578 5.38898 1.2 1 11 12.793 5.23443 1.2 1 13 10.2337 8.62147 1.2031 
106 0.002 6 7.61111 150 1.5 0 0 12.6043 8.86134 1.2 1 6 12.3115 5.93629 1.2 0 12 10.8068 6.25811 1.2 0 7 12.4578 5.38898 1.2 1 11 12.793 5.23443 1.2 2 13 10.2337 8.62147 1.2031 
107 0.002 6 7.61111 150 1.5 0 0 12.6043 8.86134 1.2 1 6 12.3115 5.93629 1.2 0 12 10.8068 6.25811 1.2 2 7 12.4578 5.38898 1.2 1 11 12.793 5.23443 1.2 1 13 10.2337 8.62147 1.2031 
108 0.002 6 7.61111 150 1.5 0 0 12.6043 8.86134 1.2 1 6 12.3115 5.93629 1.2 0 12 10.8068 6.25811 1.2 0 7 12.4578 5.38898 1.2 1 11 12.793 5.23443 1.2 1 13 10.2337 8.62147 1.2031 
109 0.002 6 7.61111 150 1.5 1 0 12.6043 8.86134 1.2 1 6 12.3115 5.93629 1.2 1 12 10.8068 6.25811 1.2 0 7 12.4578 5.38898 1.2 1 11 12.793 5.23443 1.2 1 13 10.2337 8.62147 1.2031 
110 0.002 6 7.61111 150 1.5 1 0 12.6043 8.86134 1.2 1 6 12.3115 5.93629 1.2 0 12 10.8068 6.25811 1.2 0 7 12.4578 5.38898 1.2 1 11 12.793 5.23443 1.2 1 13 10.2337 8.62147 1.2031 
111 0.002 6 7.61111 150 1.5 0 0 12.6043 8.86134 1.2 1 6 12.3115 5.93629 1.2 0 12 10.8068 6.25811 1.2 1 7 12.4578 5.38898 1.2 1 11 12.793 5.23443 1.2 1 13 10.2337 8.62147 1.2031 
112 0.002 6 7.61111 150 1.5 1 0 12.6043 8.86134 1.2 1 6 12.3115 5.93629 1.2 0 12 10.8068 6.25811 1.2 0 7 12.4578 5.38898 1.2 1 11 12.793 5.23443 1.2 2 13 10.2337 8.62147 1.2031 
113 0.002 6 7.61111 150 1.5 1 0 12.6043 8.86134 1.2 1 6 12.3115 5.93629 1.2 0 12 10.8068 6.25811 1.2 1 7 12.4578 5.38898 1.2 1 11 12.793 5.23443 1.2 2 13 10.2337 8.62147 1.2031 
114 0.002 6 7.61111 150 1.5 1 0 12.6043 8.86134 1.2 2 6 12.3115 5.93629 1.2 0 12 10.8068 6.25811 1.2 0 7 12.4578 5.38898 1.2 1 11 12.793 5.23443 1.2 1 13 10.2337 8.62147 1.2031 
115 0.002 6 7.61111 150 1.5 0 0 12.6043 8.86134 1.2 1 6 12.3115 5.93629 1.2 0 12 10.8068 6.25811 1.2 0 7 12.4578 5.38898 1.2 1 11 12.793 5.23443 1.2 1 13 10.2337 8.62147 1.2031 
116 0.002 6 7.61111 150 1.5 1 0 12.6043 8.86134 1.2 1 6 12.3115 5.93629 1.2 0 12 10.8068 6.25811 1.2 0 7 12.4578 5.38898 1.2 1 11 12.793 5.23443 1.2 1 13 10.2337 8.62147 1.2031 
117 0.002 6 7.61111 150 1.5 1 0 12.6043 8.86134 1.2 1 6 12.3115 5.93629 1.2 0 12 10.8068 6.25811 1.2 1 7 12.4578 5.38898 1.2 1 11 12.793 5.23443 1.2 1 13 10.2337 8.62147 1.2031 
118 0.002 6 7.61111 150 1.5 0 0 12.6043 8.86134 1.2 1 6 12.3115 5.93629 1.2 1 12 10.8068 6.25811 1.2 0 7 12.4578 5.38898 1.2 1 11 12.793 5.23443 1.2 1 13 10.2337 8.62147 1.2031 
119 0.002 6 7.61111 150 1.5 0 0 12.6043 8.86134 1.2 1 6 12.3115 5.93629 1.2 0 12 10.8068 6.25811 1.2 1 7 12.4578 5.38898 1.2 1 11 12.793 5.23443 1.2 1 13 10.2337 8.62147 1.2031 
120 0.002 6 7.61111 150 1.5 1 0 12.6043 8.86134 1.2 1 6 12.3115 5.93629 1.2 0 12 10.8068 6.25811 1.2 0 7 12.4578 5.38898 1.2 1 11 12.793 5.23443 1.2 1 13 10.2337 8.62147 1.2031 
121 0.002 6 7.61111 150 1.5 0 0 12.6043 8.86134 1.2 1 6 12.3115 5.93629 1.2 0 12 10.8068 6.25811 1.2 0 7 12.4578 5.38898 1.2 1 11 12.793 5.23443 1.2 1 13 10.2337 8.62147 1.2031 
122 0.002 6 7.61111 150 1.5 1 0 12.6043 8.86134 1.2 0 6 12.3115 5.93629 1.2 0 12 10.8068 6.25811 1.2 0 7 12.4578 5.38898 1.2 1 11 12.793 5.23443 1.2 1 13 10.2337 8.62147 1.2031 
123 0.002 6 7.61111 150 1.5 1 0 12.6043 8.86134 1.2 1 6 12.3115 5.93629 1.2 0 12 10.8068 6.25811 1.2 0 7 12.4578 5.38898 1.2 1 11 12.793 5.23443 1.2 1 13 10.2337 8.62147 1.2031 
124 0.002 6 7.61111 150 1.5 0 0 12.6043 8.86134 1.2 1 6 12.3115 5.93629 1.2 1 12 10.8068 6.25811 1.2 1 7 12.4578 5.38898 1.2 1 11 12.793 5.23443 1.2 1 13 10.2337 8.62147 1.2031 
125 0.002 6 7.61111 150 1.5 0 0 12.6043 8.86134 1.2 1 6 12.3115 5.93629 1.2 2 12 10.8068 6.25811 1.2 0 7 12.4578 5.38898 1.2 1 11 12.793 5.23443 1.2 1 13 10.2337 8.62147 1.2031 
126 0.002 6 7.61111 150 1.5 1 0 12.6043 8.86134 1.2 1 6 12.3115 5.93629 1.2 0 12 10.8068 6.25811 1.2 0 7 12.4578 5.38898 1.2 1 11 12.793 5.23443 1.2 0 13 10.2337 8.62147 1.2031 
127 0.002 6 7.61111 150 1.5 0 0 12.6043 8.86134 1.2 1 6 12.3115 5.93629 1.2 2 12 10.8068 6.25811 1.2 0 7 12.4578 5.38898 1.2 1 11 12.793 5.23443 1.2 1 13 10.2337 8.62147 1.2031 
128 0.002 6 7.61111 150 1.5 2 0 12.6043 8.86134 1.2 1 6 12.3115 5.93629 1.2 0 12 10.8068 6.25811 1.2 0 7 12.4578 5.38898 1.2 1 11 12.793 5.23443 1.2 1 13 10.2337 8.62147 1.2031 
129 0.002 6 7.61111 150 1.5 2 0 12.6043 8.86134 1.2 1 6 12.3115 5.93629 1.2 0 12 10.8068 6.25811 1.2 0 7 12.4578 5.38898 1.2 1 11 12.793 5.23443 1.2 1 13 10.2337 8.62147 1.2031 
130 0.002 6 7.61111 150 1.5 0 0 12.6043 8.86134 1.2 1 6 12.3115 5.93629 1.2 1 12 10.8068 6.25811 1.2 0 7 12.4578 5.38898 1.2 1 11 12.793 5.23443 1.2 1 13 10.2337 8.62147 1.2031 
131 0.002 6 7.61111 150 1.5 1 0 12.6043 8.86134 1.2 1 6 12.3115 5.93629 1.2 0 12 10.8068 6.25811 1.2 1 7 12.4578 5.38898 1.2 1 11 12.793 5.23443 1.2 1 13 10.2337 8.62147 1.2031 
132 0.002 6 7.61111 150 1.5 2 0 12.6043 8.86134 1.2 1 6 12.3115 5.93629 1.2 0 12 10.8068 6.25811 1.2 0 7 12.4578 5.38898 1.2 1 11 12.793 5.23443 1.2 1 13 10.2337 8.62147 1.2031 
133 0.002 6 7.61111 150 1.5 0 0 12.6043 8.86134 1.2 1 6 12.3115 5.93629 1.2 0 12 10.8068 6.25811 1.2 0 7 12.4578 5.38898 1.2 1 11 12.793 5.23443 1.2 1 13 10.2337 8.62147 1.2031 
134 0.002 6 7.61111 150 1.5 0 0 12.6043 8.86134 1.2 1 6 12.3115 5.93629 1.2 1 12 10.8068 6.25811 1.2 0 7 12.4578 5.38898 1.2 1 11 12.793 5.23443 1.2 1 13 10.2337 8.62147 1.2031 
135 0.002 6 7.61111 150 1.5 0 0 12.6043 8.86134 1.2 1 6 12.3115 5.93629 1.2 0 12 10.8068 6.25811 1.2 0 7 12.4578 5.38898 1.2 1 11 12.793 5.23443 1.2 1 13 10.2337 8.62147 1.2031 
136 0.002 6 7.61111 150 1.5 0 0 12.6043 8.86134 1.2 1 6 12.3115 5.93629 1.2 1 12 10.8068 6.25811 1.2 0 7 12.4578 5.38898 1.2 1 11 12.793 5.23443 1.2 1 13 10.2337 8.62147 1.2031 
137 0.002 6 7.61111 150 1.5 0 0 12.6043 8.86134 1.2 1 6 12.3115 5.93629 1.2 0 12 10.8068 6.25811 1.2 0 7 12.4578 5.38898 1.2 1 11 12.793 5.23443 1.2 1 13 10.2337 8.62147 1.2031 
138 0.002 6 7.61111 150 1.5 0 0 12.6043 8.86134 1.2 1 6 12.3115 5.93629 1.2 1 12 10.8068 6.25811 1.2 1 7 12.4578 5.38898 1.2 1 11 12.793 5.23443 1.2 1 13 10.2337 8.62147 1.2031 
139 0.002 6 7.61111 150 1.5 0 0 12.6043 8.86134 1.2 1 6 12.3115 5.93629 1.2 0 12 10.8068 6.25811 1.2 0 7 12.4578 5.38898 1.2 1 11 12.793 5.23443 1.2 1 13 10.2337 8.62147 1.2031 
140 0.002 6 7.61111 150 1.5 0 0 12.6043 8.86134 1.2 1 6 12.3115 5.93629 1.2 0 12 10.8068 6.25811 1.2 0 7 12.4578 5.38898 1.2 1 11 12.793 5.23443 1.2 1 13 10.2337 8.62147 1.2031 
141 0.002 6 7.61111 150 1.5 0 0 12.6043 8.86134 1.2 1 6 12.3115 5.93629 1.2 0 12 10.8068 6.25811 1.2 2 7 12.4578 5.38898 1.2 1 11 12.793 5.23443 1.2 2 13 10.2337 8.62147 1.2031 
142 0.002 6 7.61111 150 1.5 1 0 12.6043 8.86134 1.2 1 6 12.3115 5.93629 1.2 0 12 10.8068 6.25811 1.2 0 7 12.4578 5.38898 1.2 1 11 12.793 5.23443 1.2 1 13 10.2337 8.62147 1.2031 
143 0.002 6 7.61111 150 1.5 1 0 12.6043 8.86134 1.2 1 6 12.3115 5.93629 1.2 0 12 10.8068 6.25811 1.2 1 7 12.4578 5.38898 1.2 1 11 12.793 5.23443 1.2 1 13 10.2337 8.62147 1.2031 
144 0.002 6 7.61111 150 1.5 1 0 12.6043 8.86134 1.2 1 6 12.3115 5.93629 1.2 0 12 10.8068 6.25811 1.2 0 7 12.4578 5.38898 1.2 1 11 12.793 5.23443 1.2 1 13 10.2337 8.62147 1.2031 
145 0.002 6 7.61111 150 1.5 1 0 12.6043 8.86134 1.2 1 6 12.3115 5.93629 1.2 0 12 10.8068 6.25811 1.2 0 7 12.4578 5.38898 1.2 1 11 12.793 5.23443 1.2 1 13 10.2337 8.62147 1.2031 
146 0.002 6 7.61111 150 1.5 0 0 12.6043 8.86134 1.2 1 6 12.3115 5.93629 1.2 0 12 10.8068 6.25811 1.2 0 7 12.4578 5.38898 1.2 1 11 12.793 5.23443 1.2 1 13 10.2337 8.62147 1.2031 
147 0.002 6 7.61111 150 1.5 0 0 12.6043 8.86134 1.2 1 6 12.3115 5.93629 1.2 0 12 10.8068 6.25811 1.2 0 7 12.4578 5.38898 1.2 1 11 12.793 5.23443 1.2 1 13 10.2337 8.62147 1.2031 
148 0.002 6 7.61111 150 1.5 1 0 12.6043 8.86134 1.2 1 6 12.3115 5.93629 1.2 1 12 10.8068 6.25811 1.2 0 7 12.4578 5.38898 1.2 1 11 12.793 5.23443 1.2 0 13 10.2337 8.62147 1.2031 
149 0.002 6 7.61111 150 1.5 0 0 12.6043 8.86134 1.2 1 6 12.3115 5.93629 1.2 0 12 10.8068 6.25811 1.2 0 7 12.4578 5.38898 1.2 1 11 12.793 5.23443 1.2 1 13 10.2337 8.62147 1.2031 
150 0.002 6 7.61111 150 1.5 0 0 12.6043 8.86134 1.2 1 6 12.3115 5.93629 1.2 0 12 10.8068 6.25811 1.2 0 7 12.4578 5.38898 1.2 2 11 12.793 5.23443 1.2 1 13 10.2337 8.62147 1.2031 
151 0.002 6 7.61111 150 1.5 0 0 12.6043 8.86134 1.2 1 6 12.3115 5.93629 1.2 0 12 10.8068 6.25811 1.2 0 7 12.4578 5.38898 1.2 2 11 12.793 5.23443 1.2 1 13 10.2337 8.62147 1.2031 
152 0.002 6 7.61111 150 1.5 0 0 12.6043 8.86134 1.2 1 6 12.3115 5.93629 1.2 0 12 10.8068 6.25811 1.2 0 7 12.4578 5.38898 1.2 1 11 12.793 5.23443 1.2 2 13 10.2337 8.62147 1.2031 
153 0.002 6 7.61111 150 1.5 0 0 12.6043 8.86134 1.2 1 6 12.3115 5.93629 1.2 0 12 10.8068 6.25811 1.2 2 7 12.4578 5.38898 1.2 1 11 12.793 5.23443 1.2 1 13 10.2337 8.62147 1.2031 
154 0.002 6 7.61111 150 1.5 1 0 12.6043 8.86134 1.2 1 6 12.3115 5.93629 1.2 1 12 10.8068 6.25811 1.2 0 7 12.4578 5.38898 1.2 1 11 12.793 5.23443 1.2 1 13 10.2337 8.62147 1.2031 
155 0.002 6 7.61111 150 1.5 1 0 12.6043 8.86134 1.2 1 6 12.3115 5.93629 1.2 0 12 10.8068 6.25811 1.2 0 7 12.4578 5.38898 1.2 1 11 12.793 5.23443 1.2 1 13 10.2337 8.62147 1.2031 
156 0.002 6 7.61111 150 1.5 1 0 12.6043 8.86134 1.2 1 6 12.3115 5.93629 1.2 0 12 10.8068 6.25811 1.2 0 7 12.4578 5.38898 1.2 1 11 12.793 5.23443 1.2 1 13 10.2337 8.62147 1.2031 
157 0.002 6 7.61111 150 1.5 0 0 12.6043 8.86134 1.2 1 6 12.3115 5.93629 1.2 0 12 10.8068 6.25811 1.2 0 7 12.4578 5.38898 1.2 0 11 12.793 5.23443 1.2 1 13 10.2337 8.62147 1.2031 
158 0.002 6 7.61111 150 1.5 0 0 12.6043 8.86134 1.2 1 6 12.3115 5.93629 1.2 1 12 10.8068 6.25811 1.2 0 7 12.4578 5.38898 1.2 0 11 12.793 5.23443 1.2 1 13 10.2337 8.62147 1.2031 
159 0.002 6 7.61111 150 1.5 0 0 12.6043 8.86134 1.2 1 6 12.3115 5.93629 1.2 0 12 10.8068 6.25811 1.2 0 7 12.4578 5.38898 1.2 1 11 12.793 5.23443 1.2 1 13 10.2337 8.62147 1.2031 
160 0.002 6 7.61111 150 1.5 0 0 12.6043 8.86134 1.2 1 6 12.3115 5.93629 1.2 0 12 10.8068 6.25811 1.2 0 7 12.4578 5.38898 1.2 1 11 12.793 5.23443 1.2 1 13 10.2337 8.62147 1.2031 
161 0.002 6 7.61111 150 1.5 1 0 12.6043 8.86134 1.2 1 6 12.3115 5.93629 1.2 0 12 10.8068 6.25811 1.2 0 7 12.4578 5.38898 1.2 1 11 12.793 5.23443 1.2 1 13 10.2337 8.62147 1.2031 
162 0.002 6 7.61111 150 1.5 0 0 12.6043 8.86134 1.2 1 6 12.3115 5.93629 1.2 1 12 10.8068 6.25811 1.2 1 7 12.4578 5.38898 1.2 2 11 12.793 5.23443 1.2 1 13 10.2337 8.62147 1.2031 
163 0.002 6 7.61111 150 1.5 0 0 12.6043 8.86134 1.2 1 6 12.3115 5.93629 1.2 0 12 10.8068 6.25811 1.2 0 7 12.4578 5.38898 1.2 1 11 12.793 5.23443 1.2 1 13 10.2337 8.62147 1.2031 
164 0.002 6 7.61111 150 1.5 1 0 12.6043 8.86134 1.2 1 6 12.3115 5.93629 1.2 0 12 10.8068 6.25811 1.2 0 7 12.4578 5.38898 1.2 1 11 12.793 5.23443 1.2 1 13 10.2337 8.62147 1.2031 
165 0.002 6 7.61111 150 1.5 1 0 12.6043 8.86134 1.2 1 6 12.3115 5.93629 1.2 0 12 10.8068 6.25811 1.2 0 7 12.4578 5.38898 1.2 1 11 12.793 5.23443 1.2 1 13 10.2337 8.62147 1.2031 
166 0.002 6 7.61111 150 1.5 0 0 12.6043 8.86134 1.2 1 6 12.3115 5.93629 1.2 0 12 10.8068 6.25811 1.2 0 7 12.4578 5.38898 1.2 1 11 12.793 5.23443 1.2 1 13 10.2337 8.62147 1.2031 
167 0.002 6 7.61111 150 1.5 0 0 12.6043 8.86134 1.2 1 6 12.3115 5.93629 1.2 0 12 10.8068 6.25811 1.2 1 7 12.4578 5.38898 1.2 1 11 12.793 5.23443 1.2 1 13 10.2337 8.62147 1.2031 
168 0.002 6 7.61111 150 1.5 1 0 12.6043 8.86134 1.2 1 6 12.3115 5.93629 1.2 0 12 10.8068 6.25811 1.2 0 7 12.4578 5.38898 1.2 1 11 12.793 5.23443 1.2 1 13 10.2337 8.62147 1.2031 
169 0.002 6 7.61111 150 1.5 1 0 12.6043 8.86134 1.2 1 6 12.3115 5.93629 1.2 2 12 10.8068 6.25811 1.2 0 7 12.4578 5.38898 1.2 1 11 12.793 5.23443 1.2 1 13 10.2337 8.62147 1.2031 
170 0.002 6 7.61111 150 1.5 2 0 12.6043 8.86134 1.2 1 6 12.3115 5.93629 1.2 0 12 10.8068 6.25811 1.2 0 7 12.4578 5.38898 1.2 0 11 12.793 5.23443 1.2 1 13 10.2337 8.62147 1.2031 
171 0.002 6 7.61111 150 1.5 0 0 12.6043 8.86134 1.2 1 6 12.3115 5.93629 1.2 0 12 10.8068 6.25811 1.2 0 7 12.4578 5.38898 1.2 1 11 12.793 5.23443 1.2 1 13 10.2337 8.62147 1.2031 
172 0.002 6 7.61111 150 1.5 1 0 12.6043 8.86134 1.2 1 6 12.3115 5.93629 1.2 0 12 10.8068 6.25811 1.2 0 7 12.4578 5.38898 1.2 2 11 12.793 5.23443 1.2 1 13 10.2337 8.62147 1.2031 
173 0.002 6 7.61111 150 1.5 0 0 12.6043 8.86134 1.2 1 6 12.3115 5.93629 1.2 2 12 10.8068 6.25811 1.2 0 7 12.4578 5.38898 1.2 1 11 12.793 5.23443 1.2 1 13 10.2337 8.62147 1.2031 
174 0.002 6 7.61111 150 1.5 0 0 12.6043 8.86134 1.2 1 6 12.3115 5.93629 1.2 0 12 10.8068 6.25811 1.2 0 7 12.4578 5.38898 1.2 1 11 12.793 5.23443 1.2 1 13 10.2337 8.62147 1.2031 
175 0.002 6 7.61111 150 1.5 0 0 12.6043 8.86134 1.2 1 6 12.3115 5.93629 1.2 1 12 10.8068 6.25811 1.2 0 7 12.4578 5.38898 1.2 1 11 12.793 5.23443 1.2 1 13 10.2337 8.62147 1.2031 
176 0.002 6 7.61111 150 1.5 0 0 12.6043 8.86134 1.2 0 6 12.3115 5.93629 1.2 0 12 10.8068 6.25811 1.2 0 7 12.4578 5.38898 1.2 1 11 12.793 5.23443 1.2 0 13 10.2337 8.62147 1.2031 
177 0.002 6 7.61111 150 1.5 0 0 12.6043 8.86134 1.2 0 6 12.3115 5.93629 1.2 0 12 10.8068 6.25811 1.2 0 7 12.4578 5.38898 1.2 1 11 12.793 5.23443 1.2 1 13 10.2337 8.62147 1.2031 
178 0.002 6 7.61111 150 1.5 1 0 12.6043 8.86134 1.2 2 6 12.3115 5.93629 1.2 0 12 10.8068 6.25811 1.2 0 7 12.4578 5.38898 1.2 1 11 12.793 5.23443 1.2 1 13 10.2337 8.62147 1.2031 
179 0.002 6 7.61111 150 1.5 0 0 12.6043 8.86134 1.2 1 6 12.3115 5.93629 1.2 0 12 10.8068 6.25811 1.2 0 7 12.4578 5.38898 1.2 1 11 12.793 5.23443 1.2 1 13 10.2337 8.62147 1.2031 
180 0.002 6 7.61111 150 1.5 0 0 12.6043 8.86134 1.2 1 6 12.3115 5.93629 1.2 1 12 10.8068 6.25811 1.2 0 7 12.4578 5.38898 1.2 2 11 12.793 5.23443 1.2 1 13 10.2337 8.62147 1.2031 
181 0.002 6 7.61111 150 1.5 1 0 12.6043 8.86134 1.2 1 6 12.3115 5.93629 1.2 0 12 10.8068 6.25811 1.2 0 7 12.4578 5.38898 1.2 1 11 12.793 5.23443 1.2 1 13 10.2337 8.62147 1.2031 
182 0.002 6 7.61111 150 1.5 0 0 12.6043 8.86134 1.2 1 6 12.3115 5.93629 1.2 1 12 10.8068 6.25811 1.2 0 7 12.4578 5.38898 1.2 1 11 12.793 5.23443 1.2 1 13 10.2337 8.62147 1.2031 
183 0.002 6 7.61111 150 1.5 1 0 12.6043 8.86134 1.2 1 6 12.3115 5.93629 1.2 0 12 10.8068 6.25811 1.2 1 7 12.4578 5.38898 1.2 1 11 12.793 5.23443 1.2 1 13 10.2337 8.62147 1.2031 
184 0.002 6 7.61111 150 1.5 0 0 12.6043 8.86134 1.2 1 6 12.3115 5.93629 1.2 0 12 10.8068 6.25811 1.2 0 7 12.4578 5.38898 1.2 1 11 12.793 5.23443 1.2 1 13 10.2337 8.62147 1.2031 
185 0.002 6 7.61111 150 1.5 1 0 12.6043 8.86134 1.2 1 6 12.3115 5.93629 1.2 0 12 10.8068 6.25811 1.2 0 7 12.4578 5.38898 1.2 1 11 12.793 5.23443 1.2 1 13 10.2337 8.62147 1.2031 
186 0.002 6 7.61111 150 1.5 1 0 12.6043 8.86134 1.2 1 6 12.3115 5.93629 1.2 0 12 10.8068 6.25811 1.2 0 7 12.4578 5.38898 1.2 1 11 12.793 5.23443 1.2 1 13 10.2337 8.62147 1.2031 
187 0.002 6 7.61111 150 1.5 1 0 12.6043 8.86134 1.2 2 6 12.3115 5.93629 1.2 0 12 10.8068 6.25811 1.2 0 7 12.4578 5.38898 1.2 1 11 12.793 5.23443 1.2 1 13 10.2337 8.62147 1.2031 
188 0.002 6 7.61111 150 1.5 0 0 12.6043 8.86134 1.2 1 6 12.3115 5.93629 1.2 1 12 10.8068 6.25811 1.2 0 7 12.4578 5.38898 1.2 1 11 12.793 5.23443 1.2 0 13 10.2337 8.62147 1.2031 
189 0.002 6 7.61111 150 1.5 0 0 12.6043 8.86134 1.2 2 6 12.3115 5.93629 1.2 0 12 10.8068 6.25811 1.2 0 7 12.4578 5.38898 1.2 1 11 12.793 5.23443 1.2 1 13 10.2337 8.62147 1.2031 
190 0.002 6 7.61111 150 1.5 0 0 12.6043 8.86134 1.2 1 6 12.3115 5.93629 1.2 0 12 10.8068 6.25811 1.2 0 7 12.4578 5.38898 1.2 1 11 12.793 5.23443 1.2 1 13 10.2337 8.62147 1.2031 
191 0.002 6 7.61111 150 1.5 0 0 12.6043 8.86134 1.2 1 6 12.3115 5.93629 1.2 0 12 10.8068 6.25811 1.2 2 7 12.4578 5.38898 1.2 2 11 12.793 5.23443 1.2 1 13 10.2337 8.62147 1.2031 
192 0.002 6 7.61111 150 1.5 2 0 12.6043 8.86134 1.2 1 6 12.3115 5.93629 1.2 0 12 10.8068 6.25811 1.2 0 7 12.4578 5.38898 1.2 1 11 12.793 5.23443 1.2 1 13 10.2337 8.62147 1.2031 
193 0.002 6 7.61111 150 1.5 0 0 12.6043 8.86134 1.2 1 6 12.3115 5.93629 1.2 0 12 10.8068 6.25811 1.2 0 7 12.4578 5.38898 1.2 1 11 12.793 5.23443 1.2 1 13 10.2337 8.62147 1.2031 
194 0.002 6 7.61111 150 1.5 0 0 12.6043 8.86134 1.2 0 6 12.3115 5.93629 1.2 0 12 10.8068 6.25811 1.2 0 7 12.4578 5.38898 1.2 1 11 12.793 5.23443 1.2 1 13 10.2337 8.62147 1.2031 
195 0.002 6 7.61111 150 1.5 1 0 12.6043 8.86134 1.2 1 6 12.3115 5.93629 1.2 1 12 10.8068 6.25811 1.2 2 7 12.4578 5.38898 1.2 1 11 12.793 5.23443 1.2 1 13 10.2337 8.62147 1.2031 
196 0.002 6 7.61111 150 1.5 0 0 12.6043 8.86134 1.2 1 6 12.3115 5.93629 1.2 0 12 10.8068 6.25811 1.2 0 7 12.4578 5.38898 1.2 1 11 12.793 5.23443 1.2 1 13 10.2337 8.62147 1.2031 
197 0.002 6 7.61111 150 1.5 1 0 12.6043 8.86134 1.2 1 6 12.3115 5.93629 1.2 0 12 10.8068 6.25811 1.2 0 7 12.4578 5.38898 1.2 1 11 12.793 5.23443 1.2 1 13 10.2337 8.62147 1.2031 
198 0.002 6 7.61111 150 1.5 2 0 12.6043 8.86134 1.2 1 6 12.3115 5.93629 1.2 0 12 10.8068 6.25811 1.2 0 7 12.4578 5.38898 1.2 1 11 12.793 5.23443 1.2 1 13 10.2337 8.62147 1.2031 
199 0.002 6 7.61111 150 1.5 0 0 12.6043 8.86134 1.2 1 6 12.3115 5.93629 1.2 1 12 10.8068 6.25811 1.2 1 7 12.4578 5.38898 1.2 1 11 12.793 5.23443 1.2 1 13 10.2337 8.62147 1.2031 
200 0.002 6 7.61111 150 1.5 1 0 12.6043 8.86134 1.2 1 6 12.3115 5.93629 1.2 1 12 10.8068 6.25811 1.2 2 7 12.4578 5.38898 1.2 2 11 12.793 5.23443 1.2 1 13 10.2337 8.62147 1.2031 
201 0.002 6 7.61111 150 1.5 0 0 12.6043 8.86134 1.2 0 6 12.3115 5.93629 1.2 0 12 10.8068 6.25811 1.2 1 7 12.4578 5.38898 1.2 0 11 12.793 5.23443 1.2 1 13 10.2337 8.62147 1.2031 
202 0.002 6 7.61111 150 1.5 1 0 12.6043 8.86134 1.2 1 6 12.3115 5.93629 1.2 0 12 10.8068 6.25811 1.2 0 7 12.4578 5.38898 1.2 1 11 12.793 5.23443 1.2 1 13 10.2337 8.62147 1.2031 
203 0.002 6 7.61111 150 1.5 1 0 12.6043 8.86134 1.2 1 6 12.3115 5.93629 1.2 0 12 10.8068 6.25811 1.2 0 7 12.4578 5.38898 1.2 1 11 12.793 5.23443 1.2 1 13 10.2337 8.62147 1.2031 
204 0.002 6 7.61111 150 1.5 2 0 12.6043 8.86134 1.2 1 6 12.3115 5.93629 1.2 0 12 10.8068 6.25811 1.2 0 7 12.4578 5.38898 1.2 1 11 12.793 5.23443 1.2 1 13 10.2337 8.62147 1.2031 
205 0.002 6 7.61111 150 1.5 1 0 12.6043 8.86134 1.2 1 6 12.3115 5.93629 1.2 0 12 10.8068 6.25811 1.2 0 7 12.4578 5.38898 1.2 1 11 12.793 5.23443 1.2 1 13 10.2337 8.62147 1.2031 
206 0.002 6 7.61111 150 1.5 0 0 12.6043 8.86134 1.2 1 6 12.3115 5.93629 1.2 0 12 10.8068 6.25811 1.2 0 7 12.4578 5.38898 1.2 1 11 12.793 5.23443 1.2 1 13 10.2337 8.62147 1.2031 
207 0.002 6 7.61111 150 1.5 0 0 12.6043 8.86134 1.2 1 6 12.3115 5.93629 1.2 1 12 10.8068 6.25811 1.2 0 7 12.4578 5.38898 1.2 1 11 12.793 5.23443 1.2 1 13 10.2337 8.62147 1.2031 
208 0.002 6 7.61111 150 1.5 1 0 12.6043 8.86134 1.2 2 6 12.3115 5.93629 1.2 0 12 10.8068 6.25811 1.2 0 7 12.4578 5.38898 1.2 1 11 12.793 5.23443 1.2 1 13 10.2337 8.62147 1.2031 
209 0.002 6 7.61111 150 1.5 0 0 12.6043 8.86134 1.2 1 6 12.3115 5.93629 1.2 0 12 10.8068 6.25811 1.2 0 7 12.4578 5.38898 1.2 1 11 12.793 5.23443 1.2 1 13 10.2337 8.62147 1.2031 
210 0.002 6 7.61111 150 1.5 0 0 12.6043 8.86134 1.2 1 6 12.3115 5.93629 1.2 0 12 10.8068 6.25811 1.2 0 7 12.4578 5.38898 1.2 1 11 12.793 5.23443 1.2 1 13 10.2337 8.62147 1.2031 
211 0.002 6 7.61111 150 1.5 0 0 12.6043 8.86134 1.2 0 6 12.3115 5.93629 1.2 0 12 10.8068 6.25811 1.2 0 7 12.4578 5.38898 1.2 1 11 12.793 5.23443 1.2 1 13 10.2337 8.62147 1.2031 
212 0.002 6 7.61111 150 1.5 1 0 12.6043 8.86134 1.2 1 6 12.3115 5.93629 1.2 0 12 10.8068 6.25811 1.2 0 7 12.4578 5.38898 1.2 1 11 12.793 5.23443 1.2 1 13 10.2337 8.62147 1.2031 
213 0.002 6 7.61111 150 1.5 0 0 12.6043 8.86134 1.2 1 6 12.3115 5.93629 1.2 0 12 10.8068 6.25811 1.2 0 7 12.4578 5.38898 1.2 1 11 12.793 5.23443 1.2 1 13 10.2337 8.62147 1.2031 
214 0.002 6 7.61111 150 1.5 0 0 12.6043 8.86134 1.2 1 6 12.3115 5.93629 1.2 0 12 10.8068 6.25811 1.2 0 7 12.4578 5.38898 1.2 1 11 12.793 5.23443 1.2 1 13 10.2337 8.62147 1.2031 
215 0.002 6 7.61111 150 1.5 0 0 12.6043 8.86134 1.2 1 6 12.3115 5.93629 1.2 0 12 10.8068 6.25811 1.2 0 7 12.4578 5.38898 1.2 1 11 12.793 5.23443 1.2 2 13 10.2337 8.62147 1.2031 
216 0.002 6 7.61111 150 1.5 0 0 12.6043 8.86134 1.2 1 6 12.3115 5.93629 1.2 0 12 10.8068 6.25811 1.2 0 7 12.4578 5.38898 1.2 1 11 12.793 5.23443 1.2 1 13 10.2337 8.62147 1.2031 
217 0.002 6 7.61111 150 1.5 1 0 12.6043 8.86134 1.2 1 6 12.3115 5.93629 1.2 0 12 10.8068 6.25811 1.2 0 7 12.4578 5.38898 1.2 1 11 12.793 5.23443 1.2 1 13 10.2337 8.62147 1.2031 
218 0.002 6 7.61111 150 1.5 0 0 12.6043 8.86134 1.2 1 6 12.3115 5.93629 1.2 0 12 10.8068 6.25811 1.2 0 7 12.4578 5.38898 1.2 1 11 12.793 5.23443 1.2 1 13 10.2337 8.62147 1.2031 
219 0.002 6 7.61111 150 1.5 1 0 12.6043 8.86134 1.2 1 6 12.3115 5.93629 1.2 0 12 10.8068 6.25811 1.2 0 7 12.4578 5.38898 1.2 1 11 12.793 5.23443 1.2 0 13 10.2337 8.62147 1.2031 
220 0.002 6 7.61111 150 1.5 1 0 12.6043 8.86134 1.2 1 6 12.3115 5.93629 1.2 0 12 10.8068 6.25811 1.2 0 7 12.4578 5.38898 1.2 1 11 12.793 5.23443 1.2 1 13 10.2337 8.62147 1.2031 
221 0.002 6 7.61111 150 1.5 2 0 12.6043 8.86134 1.2 1 6 12.3115 5.93629 1.2 2 12 10.8068 6.25811 1.2 0 7 12.4578 5.38898 1.2 1 11 12.793 5.23443 1.2 1 13 10.2337 8.62147 1.2031 
222 0.002 6 7.61111 150 1.5 0 0 12.6043 8.86134 1.2 1 6 12.3115 5.93629 1.2 0 12 10.8068 6.25811 1.2 0 7 12.4578 5.38898 1.2 1 11 12.793 5.23443 1.2 1 13 10.2337 8.62147 1.2031 
223 0.002 6 7.61111 150 1.5 0 0 12.6043 8.86134 1.2 1 6 12.3115 5.93629 1.2 0 12 10.8068 6.25811 1.2 0 7 12.4578 5.38898 1.2 1 11 12.793 5.23443 1.2 1 13 10.2337 8.62147 1.2031 
224 0.002 6 7.61111 150 1.5 0 0 12.6043 8.86134 1.2 0 6 12.3115 5.93629 1.2 0 12 10.8068 6.25811 1.2 0 7 12.4578 5.38898 1.2 1 11 12.793 5.23443 1.2 1 13 10.2337 8.62147 1.2031 
225 0.002 6 7.61111 150 1.5 1 0 12.6043 8.86134 1.2 1 6 12.3115 5.93629 1.2 2 12 10.8068 6.25811 1.2 0 7 12.4578 5.38898 1.2 1 11 12.793 5.23443 1.2 1 13 10.2337 8.62147 1.2031 
226 0.002 6 7.61111 150 1.5 0 0 12.6043 8.86134 1.2 1 6 12.3115 5.93629 1.2 2 12 10.8068 6.25811 1.2 0 7 12.4578 5.38898 1.2 1 11 12.793 5.23443 1.2 0 13 10.2337 8.62147 1.2031 
227 0.002 6 7.61111 150 1.5 1 0 12.6043 8.86134 1.2 1 6 12.3115 5.93629 1.2 0 12 10.8068 6.25811 1.2 0 7 12.4578 5.38898 1.2 1 11 12.793 5.23443 1.2 0 13 10.2337 8.62147 1.2031 
228 0.002 6 7.61111 150 1.5 1 0 12.6043 8.86134 1.2 1 6 12.3115 5.93629 1.2 0 12 10.8068 6.25811 1.2 0 7 12.4578 5.38898 1.2 1 11 12.793 5.23443 1.2 1 13 10.2337 8.62147 1.2031 
229 0.002 6 7.61111 150 1.5 2 0 12.6043 8.86134 1.2 0 6 12.3115 5.93629 1.2 0 12 10.8068 6.25811 1.2 0 7 12.4578 5.38898 1.2 1 11 12.793 5.23443 1.2 1 13 10.2337 8.62147 1.2031 
230 0.002 6 7.61111 150 1.5 0 0 12.6043 8.86134 1.2 1 6 12.3115 5.93629 1.2 0 12 10.8068 6.25811 1.2 0 7 12.4578 5.38898 1.2 1 11 12.793 5.23443 1.2 1 13 10.2337 8.62147 1.2031 
231 0.002 6 7.61111 150 1.5 1 0 12.6043 8.86134 1.2 1 6 12.3115 5.93629 1.2 0 12 10.8068 6.25811 1.2 0 7 12.4578 5.38898 1.2 0 11 12.793 5.23443 1.2 1 13 10.2337 8.62147 1.2031 
232 0.002 6 7.61111 150 1.5 2 0 12.6043 8.86134 1.2 1 6 12.3115 5.93629 1.2 0 12 10.8068 6.25811 1.2 1 7 12.4578 5.38898 1.2 1 11 12.793 5.23443 1.2 1 13 10.2337 8.62147 1.2031 
233 0.002 6 7.61111 150 1.5 2 0 12.6043 8.86134 1.2 1 6 12.3115 5.93629 1.2 1 12 10.8068 6.25811 1.2 0 7 12.4578 5.38898 1.2 1 11 12.793 5.23443 1.2 1 13 10.2337 8.62147 1.2031 
234 0.002 6 7.61111 150 1.5 1 0 12.6043 8.86134 1.2 1 6 12.3115 5.93629 1.2 0 12 10.8068 6.25811 1.2 0 7 12.4578 5.38898 1.2 1 11 12.793 5.23443 1.2 1 13 10.2337 8.62147 1.2031 
235 0.002 6 7.61111 150 1.5 0 0 12.6043 8.86134 1.2 1 6 12.3115 5.93629 1.2 0 12 10.8068 6.25811 1.2 0 7 12.4578 5.38898 1.2 1 11 12.793 5.23443 1.2 1 13 10.2337 8.62147 1.2031 
236 0.002 6 7.61111 150 1.5 0 0 12.6043 8.86134 1.2 1 6 12.3115 5.93629 1.2 0 12 10.8068 6.25811 1.2 0 7 12.4578 5.38898 1.2 1 11 12.793 5.23443 1.2 1 13 10.2337 8.62147 1.2031 
237 0.002 6 7.61111 150 1.5 1 0 12.6043 8.86134 1.2 1 6 12.3115 5.93629 1.2 0 12 10.8068 6.25811 1.2 0 7 12.4578 5.38898 1.2 1 11 12.793 5.23443 1.2 1 13 10.2337 8.62147 1.2031 
238 0.002 6 7.61111 150 1.5 0 0 12.6043 8.86134 1.2 1 6 12.3115 5.93629 1.2 0 12 10.8068 6.25811 1.2 0 7 12.4578 5.38898 1.2 1 11 12.793 5.23443 1.2 1 13 10.2337 8.62147 1.2031 
239 0.002 6 7.61111 150 1.5 0 0 12.6043 8.86134 1.2 1 6 12.3115 5.93629 1.2 1 12 10.8068 6.25811 1.2 0 7 12.4578 5.38898 1.2 1 11 12.793 5.23443 1.2 1 13 10.2337 8.62147 1.2031 
240 0.002 6 7.61111 150 1.5 2 0 12.6043 8.86134 1.2 1 6 12.3115 5.93629 1.2 0 12 10.8068 6.25811 1.2 0 7 12.4578 5.38898 1.2 1 11 12.793 5.23443 1.2 1 13 10.2337 8.62147 1.2031 
241 0.002 6 7.61111 150 1.5 0 0 12.6043 8.86134 1.2 1 6 12.3115 5.93629 1.2 0 12 10.8068 6.25811 1.2 0 7 12.4578 5.38898 1.2 1 11 12.793 5.23443 1.2 1 13 10.2337 8.62147 1.2031 
242 0.002 6 7.61111 150 1.5 1 0 12.6043 8.86134 1.2 1 6 12.3115 5.93629 1.2 1 12 10.8068 6.25811 1.2 0 7 12.4578 5.38898 1.2 1 11 12.793 5.23443 1.2 1 13 10.2337 8.62147 1.2031 
243 0.002 6 7.61111 150 1.5 1 0 12.6043 8.86134 1.2 1 6 12.3115 5.93629 1.2 0 12 10.8068 6.25811 1.2 0 7 12.4578 5.38898 1.2 1 11 12.793 5.23443 1.2 1 13 10.2337 8.62147 1.2031 
244 0.002 6 7.61111 150 1.5 1 0 12.6043 8.86134 1.2 1 6 12.3115 5.93629 1.2 1 12 10.8068 6.25811 1.2 0 7 12.4578 5.38898 1.2 1 11 12.793 5.23443 1.2 1 13 10.2337 8.62147 1.2031 
245 0.002 6 7.61111 150 1.5 0 0 12.6043 8.86134 1.2 1 6 12.3115 5.93629 1.2 2 12 10.8068 6.25811 1.2 0 7 12.4578 5.38898 1.2 2 11 12.793 5.23443 1.2 1 13 10.2337 8.62147 1.2031 
246 0.002 6 7.61111 150 1.5 2 0 12.6043 8.86134 1.2 0 6 12.3115 5.93629 1.2 1 12 10.8068 6.25811 1.2 0 7 12.4578 5.38898 1.2 1 11 12.793 5.23443 1.2 1 13 10.2337 8.62147 1.2031 
247 0.002 6 7.61111 150 1.5 0 0 12.6043 8.86134 1.2 1 6 12.3115 5.93629 1.2 2 12 10.8068 6.25811 1.2 0 7 12.4578 5.38898 1.2 1 11 12.793 5.23443 1.2 0 13 10.2337 8.62147 1.2031 
248 0.002 6 7.61111 150 1.5 1 0 12.6043 8.86134 1.2 1 6 12.3115 5.93629 1.2 0 12 10.8068 6.25811 1.2 1 7 12.4578 5.38898 1.2 1 11 12.793 5.23443 1.2 1 13 10.2337 8.62147 1.2031 
249 0.002 6 7.61111 150 1.5 0 0 12.6043 8.86134 1.2 1 6 12.3115 5.93629 1.2 0 12 10.8068 6.25811 1.2 0 7 12.4578 5.38898 1.2 1 11 12.793 5.23443 1.2 1 13 10.2337 8.62147 1.2031 
250 0.002 6 7.61111 150 1.5 1 0 12.6043 8.86134 1.2 1 6 12.3115 5.93629 1.2 0 12 10.8068 6.25811 1.2 0 7 12.4578 5.38898 1.2 1 11 12.793 5.23443 1.2 0 13 10.2337 8.62147 1.2031 
251 0.002 6 7.61111 150 1.5 1 0 12.6043 8.86134 1.2 1 6 12.3115 5.93629 1.2 0 12 10.8068 6.25811 1.2 0 7 12.4578 5.38898 1.2 0 11 12.793 5.23443 1.2 1 13 10.2337 8.62147 1.2031 
252 0.002 6 7.61111 150 1.5 1 0 12.6043 8.86134 1.2 1 6 12.3115 5.93629 1.2 0 12 10.8068 6.25811 1.2 0 7 12.4578 5.38898 1.2 1 11 12.793 5.23443 1.2 1 13 10.2337 8.62147 1.2031 
253 0.002 6 7.61111 150 1.5 2 0 12.6043 8.86134 1.2 1 6 12.3115 5.93629 1.2 0 12 10.8068 6.25811 1.2 0 7 12.4578 5.38898 1.2 0 11 12.793 5.23443 1.2 1 13 10.2337 8.62147 1.2031 
254 0.002 6 7.61111 150 1.5 0 0 12.6043 8.86134 1.2 1 6 12.3115 5.93629 1.2 0 12 10.8068 6.25811 1.2 0 7 12.4578 5.38898 1.2 1 11 12.793 5.23443 1.2 1 13 10.2337 8.62147 1.2031 
255 0.002 6 7.61111 150 1.5 0 0 12.6043 8.86134 1.2 0 6 12.3115 5.93629 1.2 1 12 10.8068 6.25811 1.2 0 7 12.4578 5.38898 1.2 1 11 12.793 5.23443 1.2 1 13 10.2337 8.62147 1.2031 
256 0.002 6 7.61111 150 1.5 0 0 12.6043 8.86134 1.2 1 6 12.3115 5.93629 1.2 0 12 10.8068 6.25811 1.2 0 7 12.4578 5.38898 1.2 1 11 12.793 5.23443 1.2 0 13 10.2337 8.62147 1.2031 
257 0.002 6 7.61111 150 1.5 0 0 12.6043 8.86134 1.2 2 6 12.3115 5.93629 1.2 0 12 10.8068 6.25811 1.2 0 7 12.4578 5.38898 1.2 1 11 12.793 5.23443 1.2 1 13 10.2337 8.62147 1.2031 
258 0.002 6 7.61111 150 1.5 1 0 12.6043 8.86134 1.2 1 6 12.3115 5.93629 1.2 0 12 10.8068 6.25811 1.2 0 7 12.4578 5.38898 1.2 1 11 12.793 5.23443 1.2 1 13 10.2337 8.62147 1.2031 
259 0.002 6 7.61111 150 1.5 1 0 12.6043 8.86134 1.2 1 6 12.3115 5.93629 1.2 0 12 10.8068 6.25811 1.2 0 7 12.4578 5.38898 1.2 1 11 12.793 5.23443 1.2 1 13 10.2337 8.62147 1.2031 
260 0.002 6 7.61111 150 1.5 1 0 12.6043 8.86134 1.2 1 6 12.3115 5.93629 1.2 0 12 10.8068 6.25811 1.2 1 7 12.4578 5.38898 1.2 1 11 12.793 5.23443 1.2 1 13 10.2337 8.62147 1.2031 
261 0.002 6 7.61111 150 1.5 1 0 12.6043 8.86134 1.2 1 6 12.3115 5.93629 1.2 0 12 10.8068 6.25811 1.2 0 7 12.4578 5.38898 1.2 1 11 12.793 5.23443 1.2 1 13 10.2337 8.62147 1.2031 
262 0.002 6 7.61111 150 1.5 0 0 12.6043 8.86134 1.2 1 6 12.3115 5.93629 1.2 0 12 10.8068 6.25811 1.2 0 7 12.4578 5.38898 1.2 1 11 12.793 5.23443 1.2 1 13 10.2337 8.62147 1.2031 
263 0.002 6 7.61111 150 1.5 0 0 12.6043 8.86134 1.2 1 6 12.3115 5.93629 1.2 0 12 10.8068 6.25811 1.2 0 7 12.4578 5.38898 1.2 1 11 12.793 5.23443 1.2 1 13 10.2337 8.62147 1.2031 
264 0.002 6 7.61111 150 1.5 0 0 12.6043 8.86134 1.2 1 6 12.3115 5.93629 1.2 1 12 10.8068 6.25811 1.2 0 7 12.4578 5.38898 1.2 1 11 12.793 5.23443 1.2 1 13 10.2337 8.62147 1.2031 
265 0.002 6 7.61111 150 1.5 1 0 12.6043 8.86134 1.2 1 6 12.3115 5.93629 1.2 0 12 10.8068 6.25811 1.2 0 7 12.4578 5.38898 1.2 1 11 12.793 5.23443 1.2 1 13 10.2337 8.62147 1.2031 
266 0.002 6 7.61111 150 1.5 0 0 12.6043 8.86134 1.2 1 6 12.3115 5.93629 1.2 0 12 10.8068 6.25811 1.2 0 7 12.4578 5.38898 1.2 1 11 12.793 5.23443 1.2 1 13 10.2337 8.62147 1.2031 
267 0.002 6 7.61111 150 1.5 0 0 12.6043 8.86134 1.2 1 6 12.3115 5.93629 1.2 0 12 10.8068 6.25811 1.2 0 7 12.4578 5.38898 1.2 1 11 12.793 5.23443 1.2 0 13 10.2337 8.62147 1.2031 
268 0.002 6 7.61111 150 1.5 0 0 12.6043 8.86134 1.2 1 6 12.3115 5.93629 1.2 0 12 10.8068 6.25811 1.2 0 7 12.4578 5.38898 1.2 1 11 12.793 5.23443 1.2 1 13 10.2337 8.62147 1.2031 
269 0.002 6 7.61111 150 1.5 0 0 12.6043 8.86134 1.2 1 6 12.3115 5.93629 1.2 1 12 10.8068 6.25811 1.2 0 7 12.4578 5.38898 1.2 1 11 12.793 5.23443 1.2 0 13 10.2337 8.62147 1.2031 
270 0.002 6 7.61111 150 1.5 0 0 12.6043 8.86134 1.2 1 6 12.3115 5.93629 1.2 1 12 10.8068 6.25811 1.2 0 7 12.4578 5.38898 1.2 1 11 12.793 5.23443 1.2 1 13 10.2337 8.62147 1.2031 
271 0.002 6 7.61111 150 1.5 0 0 12.6043 8.86134 1.2 1 6 12.3115 5.93629 1.2 0 12 10.8068 6.25811 1.2 0 7 12.4578 5.38898 1.2 1 11 12.793 5.23443 1.2 1 13 10.2337 8.62147 1.2031 
272 0.002 6 7.61111 150 1.5 0 0 12.6043 8.86134 1.2 1 6 12.3115 5.93629 1.2 1 12 10.8068 6.25811 1.2 1 7 12.4578 5.38898 1.2 1 11 12.793 5.23443 1.2 1 13 10.2337 8.62147 1.2031 
273 0.002 6 7.61111 150 1.5 0 0 12.6043 8.86134 1.2 1 6 12.3115 5.93629 1.2 0 12 10.8068 6.25811 1.2 1 7 12.4578 5.38898 1.2 1 11 12.793 5.23443 1.2 2 13 10.2337 8.62147 1.2031 
274 0.002 6 7.61111 150 1.5 1 0 12.6043 8.86134 1.2 1 6 12.3115 5.93629 1.2 0 12 10.8068 6.25811 1.2 0 7 12.4578 5.38898 1.2 1 11 12.793 5.23443 1.2 1 13 10.2337 8.62147 1.2031 
275 0.002 6 7.61111 150 1.5 2 0 12.6043 8.86134 1.2 1 6 12.3115 5.93629 1.2 0 12 10.8068 6.25811 1.2 0 7 12.4578 5.38898 1.2 1 11 12.793 5.23443 1.2 1 13 10.2337 8.62147 1.2031 
276 0.002 6 7.61111 150 1.5 1 0 12.6043 8.86134 1.2 1 6 12.3115 5.93629 1.2 0 12 10.8068 6.25811 1.2 0 7 12.4578 5.38898 1.2 0 11 12.793 5.23443 1.2 1 13 10.2337 8.62147 1.2031 
277 0.002 6 7.61111 150 1.5 1 0 12.6043 8.86134 1.2 1 6 12.3115 5.93629 1.2 1 12 10.8068 6.25811 1.2 0 7 12.4578 5.38898 1.2 1 11 12.793 5.23443 1.2 1 13 10.2337 8.62147 1.2031 
278 0.002 6 7.61111 150 1.5 0 0 12.6043 8.86134 1.2 1 6 12.3115 5.93629 1.2 0 12 10.8068 6.25811 1.2 0 7 12.4578 5.38898 1.2 1 11 12.793 5.23443 1.2 1 13 10.2337 8.62147 1.2031 
279 0.002 6 7.61111 150 1.5 0 0 12.6043 8.86134 1.2 1 6 12.3115 5.93629 1.2 0 12 10.8068 6.25811 1.2 0 7 12.4578 5.38898 1.2 1 11 12.793 5.23443 1.2 1 13 10.2337 8.62147 1.2031 
280 0.002 6 7.61111 150 1.5 0 0 12.6043 8.86134 1.2 1 6 12.3115 5.93629 1.2 0 12 10.8068 6.25811 1.2 0 7 12.4578 5.38898 1.2 1 11 12.793 5.23443 1.2 1 13 10.2337 8.62147 1.2031 
281 0.002 6 7.61111 150 1.5 0 0 12.6043 8.86134 1.2 1 6 12.3115 5.93629 1.2 2 12 10.8068 6.25811 1.2 0 7 12.4578 5.38898 1.2 1 11 12.793 5.23443 1.2 1 13 10.2337 8.62147 1.2031 
282 0.002 6 7.61111 150 1.5 0 0 12.6043 8.86134 1.2 1 6 12.3115 5.93629 1.2 0 12 10.8068 6.25811 1.2 0 7 12.4578 5.38898 1.2 1 11 12.793 5.23443 1.2 1 13 10.2337 8.62147 1.2031 
283 0.002 6 7.61111 150 1.5 0 0 12.6043 8.86134 1.2 1 6 12.3115 5.93629 1.2 2 12 10.8068 6.25811 1.2 1 7 12.4578 5.38898 1.2 1 11 12.793 5.23443 1.2 1 13 10.2337 8.62147 1.2031 
284 0.002 6 7.61111 150 1.5 1 0 12.6043 8.86134 1.2 1 6 12.3115 5.93629 1.2 1 12 10.8068 6.25811 1.2 0 7 12.4578 5.38898 1.2 0 11 12.793 5.23443 1.2 1 13 10.2337 8.62147 1.2031 
285 0.002 6 7.61111 150 1.5 0 0 12.6043 8.86134 1.2 1 6 12.3115 5.93629 1.2 1 12 10.8068 6.25811 1.2 1 7 12.4578 5.38898 1.2 1 11 12.793 5.23443 1.2 1 13 10.2337 8.62147 1.2031 
286 0.002 6 7.61111 150 1.5 0 0 12.6043 8.86134 1.2 1 6 12.3115 5.93629 1.2 0 12 10.8068 6.25811 1.2 0 7 12.4578 5.38898 1.2 1 11 12.793 5.23443 1.2 1 13 10.2337 8.62147 1.2031 
287 0.002 6 7.61111 150 1.5 0 0 12.6043 8.86134 1.2 1 6 12.3115 5.93629 1.2 0 12 10.8068 6.25811 1.2 0 7 12.4578 5.38898 1.2 1 11 12.793 5.23443 1.2 1 13 10.2337 8.62147 1.2031 
288 0.002 6 7.61111 150 1.5 1 0 12.6043 8.86134 1.2 1 6 12.3115 5.93629 1.2 0 12 10.8068 6.25811 1.2 0 7 12.4578 5.38898 1.2 1 11 12.793 5.23443 1.2 1 13 10.2337 8.62147 1.2031 
289 0.002 6 7.61111 150 1.5 1 0 12.6043 8.86134 1.2 1 6 12.3115 5.93629 1.2 2 12 10.8068 6.25811 1.2 0 7 12.4578 5.38898 1.2 1 11 12.793 5.23443 1.2 1 13 10.2337 8.62147 1.2031 
290 0.002 6 7.61111 150 1.5 0 0 12.6043 8.86134 1.2 0 6 12.3115 5.93629 1.2 1 12 10.8068 6.25811 1.2 0 7 12.4578 5.38898 1.2 1 11 12.793 5.23443 1.2 1 13 10.2337 8.62147 1.2031 
291 0.002 6 7.61111 150 1.5 2 0 12.6043 8.86134 1.2 0 6 12.3115 5.93629 1.2 0 12 10.8068 6.25811 1.2 0 7 12.4578 5.38898 1.2 1 11 12.793 5.23443 1.2 1 13 10.2337 8.62147 1.2031 
292 0.002 6 7.61111 150 1.5 0 0 12.6043 8.86134 1.2 1 6 12.3115 5.93629 1.2 1 12 10.8068 6.25811 1.2 0 7 12.4578 5.38898 1.2 1 11 12.793 5.23443 1.2 1 13 10.2337 8.62147 1.2031 
293 0.002 6 7.61111 150 1.5 0 0 12.6043 8.86134 1.2 1 6 12.3115 5.93629 1.2 0 12 10.8068 6.25811 1.2 0 7 12.4578 5.38898 1.2 0 11 12.793 5.23443 1.2 1 13 10.2337 8.62147 1.2031 
294 0.002 6 7.61111 150 1.5 1 0 12.6043 8.86134 1.2 1 6 12.3115 5.93629 1.2 1 12 10.8068 6.25811 1.2 0 7 12.4578 5.38898 1.2 1 11 12.793 5.23443 1.2 1 13 10.2337 8.62147 1.2031 
295 0.002 6 7.61111 150 1.5 0 0 12.6043 8.86134 1.2 1 6 12.3115 5.93629 1.2 0 12 10.8068 6.25811 1.2 0 7 12.4578 5.38898 1.2 1 11 12.793 5.23443 1.2 1 13 10.2337 8.62147 1.2031 
296 0.002 6 7.61111 150 1.5 0 0 12.6043 8.86134 1.2 1 6 12.3115 5.93629 1.2 0 12 10.8068 6.25811 1.2 0 7 12.4578 5.38898 1.2 2 11 12.793 5.23443 1.2 1 13 10.2337 8.62147 1.2031 
297 0.002 6 7.61111 150 1.5 0 0 12.6043 8.86134 1.2 1 6 12.3115 5.93629 1.2 0 12 10.8068 6.25811 1.2 0 7 12.4578 5.38898 1.2 1 11 12.793 5.23443 1.2 1 13 10.2337 8.62147 1.2031 
298 0.002 6 7.61111 150 1.5 1 0 12.6043 8.86134 1.2 1 6 12.3115 5.93629 1.2 1 12 10.8068 6.25811 1.2 0 7 12.4578 5.38898 1.2 1 11 12.793 5.23443 1.2 1 13 10.2337 8.62147 1.2031 
299 0.002 6 7.61111 150 1.5 0 0 12.6043 8.86134 1.2 1 6 12.3115 5.93629 1.2 0 12 10.8068 6.25811 1.2 0 7 12.4578 5.38898 1.2 1 11 12.793 5.23443 1.2 1 13 10.2337 8.62147 1.2031 
300 0.002 6 7.61111 150 1.5 2 0 12.6043 8.86134 1.2 1 6 12.3115 5.93629 1.2 0 12 10.8068 6.25811 1.2 0 7 12.4578 5.38898 1.2 2 11 12.793 5.23443 1.2 1 13 10.2337 8.62147 1.2031 
301 0.002 6 7.61111 150 1.5 0 0 12.6043 8.86134 1.2 1 6 12.3115 5.93629 1.2 0 12 10.8068 6.25811 1.2 0 7 12.4578 5.38898 1.2 1 11 12.793 5.23443 1.2 1 13 10.2337 8.62147 1.2031 
302 0.002 6 7.61111 150 1.5 2 0 12.6043 8.86134 1.2 1 6 12.3115 5.93629 1.2 1 12 10.8068 6.25811 1.2 0 7 12.4578 5.38898 1.2 2 11 12.793 5.23443 1.2 1 13 10.2337 8.62147 1.2031 
303 0.002 6 7.61111 150 1.5 0 0 12.6043 8.86134 1.2 1 6 12.3115 5.93629 1.2 0 12 10.8068 6.25811 1.2 0 7 12.4578 5.38898 1.2 0 11 12.793 5.23443 1.2 1 13 10.2337 8.62147 1.2031 
304 0.002 6 7.61111 150 1.5 0 0 12.6043 8.86134 1.2 1 6 12.3115 5.93629 1.2 0 12 10.8068 6.25811 1.2 0 7 12.4578 5.38898 1.2 2 11 12.793 5.23443 1.2 1 13 10.2337 8.62147 1.2031 
305 0.002 6 7.61111 150 1.5 0 0 12.6043 8.86134 1.2 1 6 12.3115 5.93629 1.2 1 12 10.8068 6.25811 1.2 0 7 12.4578 5.38898 1.2 1 11 12.793 5.23443 1.2 1 13 10.2337 8.62147 1.2031 
306 0.002 6 7.61111 150 1.5 1 0 12.6043 8.86134 1.2 1 6 12.3115 5.93629 1.2 0 12 10.8068 6.25811 1.2 0 7 12.4578 5.38898 1.2 1 11 12.793 5.23443 1.2 1 13 10.2337 8.62147 1.2031 
307 0.002 6 7.61111 150 1.5 2 0 12.6043 8.86134 1.2 0 6 12.3115 5.93629 1.2 1 12 10.8068 6.25811 1.2 0 7 12.4578 5.38898 1.2 1 11 12.793 5.23443 1.2 1 13 10.2337 8.62147 1.2031 
308 0.002 6 7.61111 150 1.5 0 0 12.6043 8.86134 1.2 1 6 12.3115 5.93629 1.2 0 12 10.8068 6.25811 1.2 0 7 12.4578 5.38898 1.2 0 11 12.793 5.23443 1.2 1 13 10.2337 8.62147 1.2031 
309 0.002 6 7.61111 150 1.5 0 0 12.6043 8.86134 1.2 1 6 12.3115 5.93629 1.2 0 12 10.8068 6.25811 1.2 0 7 12.4578 5.38898 1.2 1 11 12.793 5.23443 1.2 1 13 10.2337 8.62147 1.2031 
310 0.002 6 7.61111 150 1.5 1 0 12.6043 8.86134 1.2 1 6 12.3115 5.93629 1.2 0 12 10.8068 6.25811 1.2 0 7 12.4578 5.38898 1.2 1 11 12.793 5.23443 1.2 1 13 10.2337 8.62147 1.2031 
311 0.002 6 7.61111 150 1.5 0 0 12.6043 8.86134 1.2 1 6 12.3115 5.93629 1.2 0 12 10.8068 6.25811 1.2 0 7 12.4578 5.38898 1.2 1 11 12.793 5.23443 1.2 1 13 10.2337 8.62147 1.2031 
312 0.002 6 7.61111 150 1.5 1 0 12.6043 8.86134 1.2 1 6 12.3115 5.93629 1.2 0 12 10.8068 6.25811 1.2 0 7 12.4578 5.38898 1.2 1 11 12.793 5.23443 1.2 1 13 10.2337 8.62147 1.2031 
313 0.002 6 7.61111 150 1.5 1 0 12.6043 8.86134 1.2 1 6 12.3115 5.93629 1.2 0 12 10.8068 6.25811 1.2 0 7 12.4578 5.38898 1.2 1 11 12.793 5.23443 1.2 1 13 10.2337 8.62147 1.2031 
314 0.002 6 7.61111 150 1.5 0 0 12.6043 8.86134 1.2 1 6 12.3115 5.93629 1.2 0 12 10.8068 6.25811 1.2 1 7 12.4578 5.38898 1.2 1 11 12.793 5.23443 1.2 1 13 10.2337 8.62147 1.2031 
315 0.002 6 7.61111 150 1.5 0 0 12.6043 8.86134 1.2 1 6 12.3115 5.93629 1.2 2 12 10.8068 6.25811 1.2 0 7 12.4578 5.38898 1.2 1 11 12.793 5.23443 1.2 1 13 10.2337 8.62147 1.2031 
316 0.002 6 7.61111 150 1.5 1 0 12.6043 8.86134 1.2 1 6 12.3115 5.93629 1.2 0 12 10.8068 6.25811 1.2 0 7 12.4578 5.38898 1.2 1 11 12.793 5.23443 1.2 1 13 10.2337 8.62147 1.2031 
317 0.002 6 7.61111 150 1.5 1 0 12.6043 8.86134 1.2 1 6 12.3115 5.93629 1.2 1 12 10.8068 6.25811 1.2 0 7 12.4578 5.38898 1.2 1 11 12.793 5.23443 1.2 1 13 10.2337 8.62147 1.2031 
318 0.002 6 7.61111 150 1.5 2 0 12.6043 8.86134 1.2 1 6 12.3115 5.93629 1.2 0 12 10.8068 6.25811 1.2 0 7 12.4578 5.38898 1.2 1 11 12.793 5.23443 1.2 1 13 10.2337 8.62147 1.2031 
319 0.002 6 7.61111 150 1.5 2 0 12.6043 8.86134 1.2 0 6 12.3115 5.93629 1.2 0 12 10.8068 6.25811 1.2 1 7 12.4578 5.38898 1.2 1 11 12.793 5.23443 1.2 1 13 10.2337 8.62147 1.2031 
320 0.002 6 7.61111 150 1.5 0 0 12.6043 8.86134 1.2 0 6 12.3115 5.93629 1.2 0 12 10.8068 6.25811 1.2 0 7 12.4578 5.38898 1.2 1 11 12.793 5.23443 1.2 1 13 10.2337 8.62147 1.2031 
321 0.002 6 7.61111 150 1.5 0 0 12.6043 8.86134 1.2 1 6 12.3115 5.93629 1.2 0 12 10.8068 6.25811 1.2 0 7 12.4578 5.38898 1.2 1 11 12.793 5.23443 1.2 1 13 10.2337 8.62147 1.2031 
322 0.002 6 7.61111 150 1.5 1 0 12.6043 8.86134 1.2 1 6 12.3115 5.93629 1.2 0 12 10.8068 6.25811 1.2 0 7 12.4578 5.38898 1.2 1 11 12.793 5.23443 1.2 1 13 10.2337 8.62147 1.2031 
323 0.002 6 7.61111 150 1.5 2 0 12.6043 8.86134 1.2 1 6 12.3115 5.93629 1.2 0 12 10.8068 6.25811 1.2 0 7 12.4578 5.38898 1.2 1 11 12.793 5.23443 1.2 1 13 10.2337 8.62147 1.2031 
324 0.002 6 7.61111 150 1.5 1 0 12.6043 8.86134 1.2 1 6 12.3115 5.93629 1.2 1 12 10.8068 6.25811 1.2 0 7 12.4578 5.38898 1.2 1 11 12.793 5.23443 1.2 1 13 10.2337 8.62147 1.2031 
325 0.002 6 7.61111 150 1.5 1 0 12.6043 8.86134 1.2 1 6 12.3115 5.93629 1.2 0 12 10.8068 6.25811 1.2 0 7 12.4578 5.38898 1.2 1 11 12.793 5.23443 1.2 1 13 10.2337 8.62147 1.2031 
326 0.002 6 7.61111 150 1.5 1 0 12.6043 8.86134 1.2 1 6 12.3115 5.93629 1.2 0 12 10.8068 6.25811 1.2 0 7 12.4578 5.38898 1.2 1 11 12.793 5.23443 1.2 1 13 10.2337 8.62147 1.2031 
327 0.002 6 7.61111 150 1.5 1 0 12.6043 8.86134 1.2 1 6 12.3115 5.93629 1.2 0 12 10.8068 6.25811 1.2 0 7 12.4578 5.38898 1.2 1 11 12.793 5.23443 1.2 1 13 10.2337 8.62147 1.2031 
328 0.002 6 7.61111 150 1.5 2 0 12.6043 8.86134 1.2 1 6 12.3115 5.93629 1.2 0 12 10.8068 6.25811 1.2 0 7 12.4578 5.38898 1.2 1 11 12.793 5.23443 1.2 1 13 10.2337 8.62147 1.2031 
329 0.002 6 7.61111 150 1.5 0 0 12.6043 8.86134 1.2 1 6 12.3115 5.93629 1.2 0 12 10.8068 6.25811 1.2 0 7 12.4578 5.38898 1.2 1 11 12.793 5.23443 1.2 1 13 10.2337 8.62147 1.2031 
330 0.002 6 7.61111 150 1.5 0 0 12.6043 8.86134 1.2 1 6 12.3115 5.93629 1.2 0 12 10.8068 6.25811 1.2 0 7 12.4578 5.38898 1.2 0 11 12.793 5.23443 1.2 1 13 10.2337 8.62147 1.2031 
331 0.002 6 7.61111 150 1.5 2 0 12.6043 8.86134 1.2 1 6 12.3115 5.93629 1.2 0 12 10.8068 6.25811 1.2 0 7 12.4578 5.38898 1.2 1 11 12.793 5.23443 1.2 1 13 10.2337 8.62147 1.2031 
332 0.002 6 7.61111 150 1.5 1 0 12.6043 8.86134 1.2 1 6 12.3115 5.93629 1.2 1 12 10.8068 6.25811 1.2 1 7 12.4578 5.38898 1.2 1 11 12.793 5.23443 1.2 1 13 10.2337 8.62147 1.2031 
333 0.002 6 7.61111 150 1.5 2 0 12.6043 8.86134 1.2 1 6 12.3115 5.93629 1.2 1 12 10.8068 6.25811 1.2 0 7 12.4578 5.38898 1.2 1 11 12.793 5.23443 1.2 1 13 10.2337 8.62147 1.2031 
334 0.002 6 7.61111 150 1.5 0 0 12.6043 8.86134 1.2 1 6 12.3115 5.93629 1.2 0 12 10.8068 6.25811 1.2 0 7 12.4578 5.38898 1.2 1 11 12.793 5.23443 1.2 1 13 10.2337 8.62147 1.2031 
335 0.002 6 7.61111 150 1.5 1 0 12.6043 8.86134 1.2 1 6 12.3115 5.93629 1.2 0 12 10.8068 6.25811 1.2 0 7 12.4578 5.38898 1.2 1 11 12.793 5.23443 1.2 1 13 10.2337 8.62147 1.2031 
336 0.002 6 7.61111 150 1.5 0 0 12.6043 8.86134 1.2 1 6 12.3115 5.93629 1.2 2 12 10.8068 6.25811 1.2 0 7 12.4578 5.38898 1.2 1 11 12.793 5.23443 1.2 1 13 10.2337 8.62147 1.2031 
337 0.002 6 7.61111 150 1.5 0 0 12.6043 8.86134 1.2 0 6 12.3115 5.93629 1.2 0 12 10.8068 6.25811 1.2 0 7 12.4578 5.38898 1.2 1 11 12.793 5.23443 1.2 1 13 10.2337 8.62147 1.2031 
338 0.002 6 7.61111 150 1.5 1 0 12.6043 8.86134 1.2 1 6 12.3115 5.93629 1.2 0 12 10.8068 6.25811 1.2 0 7 12.4578 5.38898 1.2 1 11 12.793 5.23443 1.2 1 13 10.2337 8.62147 1.2031 
339 0.002 6 7.61111 150 1.5 0 0 12.6043 8.86134 1.2 1 6 12.3115 5.93629 1.2 1 12 10.8068 6.25811 1.2 0 7 12.4578 5.38898 1.2 1 11 12.793 5.23443 1.2 1 13 10.2337 8.62147 1.2031 
340 0.002 6 7.61111 150 1.5 2 0 12.6043 8.86134 1.2 1 6 12.3115 5.93629 1.2 0 12 10.8068 6.25811 1.2 1 7 12.4578 5.38898 1.2 1 11 12.793 5.23443 1.2 2 13 10.2337 8.62147 1.2031 
341 0.002 6 7.61111 150 1.5 1 0 12.6043 8.86134 1.2 1 6 12.3115 5.93629 1.2 2 12 10.8068 6.25811 1.2 0 7 12.4578 5.38898 1.2 1 11 12.793 5.23443 1.2 1 13 10.2337 8.62147 1.2031 
342 0.002 6 7.61111 150 1.5 0 0 12.6043 8.86134 1.2 1 6 12.3115 5.93629 1.2 0 12 10.8068 6.25811 1.2 0 7 12.4578 5.38898 1.2 1 11 12.793 5.23443 1.2 1 13 10.2337 8.62147 1.2031 
343 0.002 6 7.61111 150 1.5 0 0 12.6043 8.86134 1.2 1 6 12.3115 5.93629 1.2 0 12 10.8068 6.25811 1.2 0 7 12.4578 5.38898 1.2 1 11 12.793 5.23443 1.2 1 13 10.2337 8.62147 1.2031 
344 0.002 6 7.61111 150 1.5 0 0 12.6043 8.86134 1.2 1 6 12.3115 5.93629 1.2 0 12 10.8068 6.25811 1.2 0 7 12.4578 5.38898 1.2 1 11 12.793 5.23443 1.2 1 13 10.2337 8.62147 1.2031 
345 0.002 6 7.61111 150 1.5 0 0 12.6043 8.86134 1.2 0 6 12.3115 5.93629 1.2 1 12 10.8068 6.25811 1.2 1 7 12.4578 5.38898 1.2 1 11 12.793 5.23443 1.2 1 13 10.2337 8.62147 1.2031 
346 0.002 6 7.61111 150 1.5 1 0 12.6043 8.86134 1.2 1 6 12.3115 5.93629 1.2 0 12 10.8068 6.25811 1.2 1 7 12.4578 5.38898 1.2 1 11 12.793 5.23443 1.2 1 13 10.2337 8.62147 1.2031 
347 0.002 6 7.61111 150 1.5 0 0 12.6043 8.86134 1.2 1 6 12.3115 5.93629 1.2 2 12 10.8068 6.25811 1.2 0 7 12.4578 5.38898 1.2 1 11 12.793 5.23443 1.2 1 13 10.2337 8.62147 1.2031 
348 0.002 6 7.61111 150 1.5 1 0 12.6043 8.86134 1.2 2 6 12.3115 5.93629 1.2 0 12 10.8068 6.25811 1.2 0 7 12.4578 5.38898 1.2 1 11 12.793 5.23443 1.2 1 13 10.2337 8.62147 1.2031 
349 0.002 6 7.61111 150 1.5 1 0 12.6043 8.86134 1.2 1 6 12.3115 5.93629 1.2 0 12 10.8068 6.25811 1.2 0 7 12.4578 5.38898 1.2 1 11 12.793 5.23443 1.2 1 13 10.2337 8.62147 1.2031 
350 0.002 6 7.61111 150 1.5 1 0 12.6043 8.86134 1.2 1 6 12.3115 5.93629 1.2 0 12 10.8068 6.25811 1.2 0 7 12.4578 5.38898 1.2 1 11 12.793 5.23443 1.2 1 13 10.2337 8.62147 1.2031 
351 0.002 6 7.61111 150 1.5 0 0 12.6043 8.86134 1.2 1 6 12.3115 5.93629 1.2 0 12 10.8068 6.25811 1.2 0 7 12.4578 5.38898 1.2 0 11 12.793 5.23443 1.2 1 13 10.2337 8.62147 1.2031 
352 0.002 6 7.61111 150 1.5 1 0 12.6043 8.86134 1.2 1 6 12.3115 5.93629 1.2 0 12 10.8068 6.25811 1.2 0 7 12.4578 5.38898 1.2 2 11 12.793 5.23443 1.2 2 13 10.2337 8.62147 1.2031 
353 0.002 6 7.61111 150 1.5 0 0 12.6043 8.86134 1.2 1 6 12.3115 5.93629 1.2 2 12 10.8068 6.25811 1.2 0 7 12.4578 5.38898 1.2 1 11 12.793 5.23443 1.2 1 13 10.2337 8.62147 1.2031 
354 0.002 6 7.61111 150 1.5 1 0 12.6043 8.86134 1.2 1 6 12.3115 5.93629 1.2 0 12 10.8068 6.25811 1.2 2 7 12.4578 5.38898 1.2 1 11 12.793 5.23443 1.2 1 13 10.2337 8.62147 1.2031 
355 0.002 6 7.61111 150 1.5 1 0 12.6043 8.86134 1.2 1 6 12.3115 5.93629 1.2 0 12 10.8068 6.25811 1.2 0 7 12.4578 5.38898 1.2 1 11 12.793 5.23443 1.2 1 13 10.2337 8.62147 1.2031 
356 0.002 6 7.61111 150 1.5 1 0 12.6043 8.86134 1.2 1 6 12.3115 5.93629 1.2 0 12 10.8068 6.25811 1.2 0 7 12.4578 5.38898 1.2 1 11 12.793 5.23443 1.2 1 13 10.2337 8.62147 1.2031 
357 0.002 6 7.61111 150 1.5 0 0 12.6043 8.86134 1.2 1 6 12.3115 5.93629 1.2 1 12 10.8068 6.25811 1.2 0 7 12.4578 5.38898 1.2 1 11 12.793 5.23443 1.2 1 13 10.2337 8.62147 1.2031 
358 0.002 6 7.61111 150 1.5 0 0 12.6043 8.86134 1.2 1 6 12.3115 5.93629 1.2 1 12 10.8068 6.25811 1.2 0 7 12.4578 5.38898 1.2 0 11 12.793 5.23443 1.2 1 13 10.2337 8.62147 1.2031 
359 0.002 6 7.61111 150 1.5 0 0 12.6043 8.86134 1.2 1 6 12.3115 5.93629 1.2 0 12 10.8068 6.25811 1.2 0 7 12.4578 5.38898 1.2 1 11 12.793 5.23443 1.2 1 13 10.2337 8.62147 1.2031 
360 0.002 6 7.61111 150 1.5 0 0 12.6043 8.86134 1.2 1 6 12.3115 5.93629 1.2 0 12 10.8068 6.25811 1.2 0 7 12.4578 5.38898 1.2 1 11 12.793 5.23443 1.2 1 13 10.2337 8.62147 1.2031 
361 0.002 6 7.61111 150 1.5 1 0 12.6043 8.86134 1.2 1 6 12.3115 5.93629 1.2 0 12 10.8068 6.25811 1.2 0 7 12.4578 5.38898 1.2 1 11 12.793 5.23443 1.2 1 13 10.2337 8.62147 1.2031 
362 0.002 6 7.61111 150 1.5 1 0 12.6043 8.86134 1.2 1 6 12.3115 5.93629 1.2 1 12 10.8068 6.25811 1.2 0 7 12.4578 5.38898 1.2 1 11 12.793 5.23443 1.2 1 13 10.2337 8.62147 1.2031 
363 0.002 6 7.61111 150 1.5 0 0 12.6043 8.86134 1.2 1 6 12.3115 5.93629 1.2 2 12 10.8068 6.25811 1.2 0 7 12.4578 5.38898 1.2 1 11 12.793 5.23443 1.2 1 13 10.2337 8.62147 1.2031 
364 0.002 6 7.61111 150 1.5 1 0 12.6043 8.86134 1.2 1 6 12.3115 5.93629 1.2 0 12 10.8068 6.25811 1.2 0 7 12.4578 5.38898 1.2 1 11 12.793 5.23443 1.2 1 13 10.2337 8.62147 1.2031 
365 0.002 6 7.61111 150 1.5 0 0 12.6043 8.86134 1.2 1 6 12.3115 5.93629 1.2 1 12 10.8068 6.25811 1.2 0 7 12.4578 5.38898 1.2 1 11 12.793 5.23443 1.2 1 13 10.2337 8.62147 1.2031 
366 0.002 6 7.61111 150 1.5 1 0 12.6043 8.86134 1.2 0 6 12.3115 5.93629 1.2 0 12 10.8068 6.25811 1.2 0 7 12.4578 5.38898 1.2 1 11 12.793 5.23443 1.2 1 13 10.2337 8.62147 1.2031 
367 0.002 6 7.61111 150 1.5 0 0 12.6043 8.86134 1.2 1 6 12.3115 5.93629 1.2 0 12 10.8068 6.25811 1.2 1 7 12.4578 5.38898 1.2 1 11 12.793 5.23443 1.2 1 13 10.2337 8.62147 1.2031 
368 0.002 6 7.61111 150 1.5 0 0 12.6043 8.86134 1.2 1 6 12.3115 5.93629 1.2 0 12 10.8068 6.25811 1.2 0 7 12.4578 5.38898 1.2 1 11 12.793 5.23443 1.2 1 13 10.2337 8.62147 1.2031 
369 0.002 6 7.61111 150 1.5 2 0 12.6043 8.86134 1.2 1 6 12.3115 5.93629 1.2 1 12 10.8068 6.25811 1.2 1 7 12.4578 5.38898 1.2 1 11 12.793 5.23443 1.2 1 13 10.2337 8.62147 1.2031 
370 0.002 6 7.61111 150 1.5 0 0 12.6043 8.86134 1.2 1 6 12.3115 5.93629 1.2 0 12 10.8068 6.25811 1.2 0 7 12.4578 5.38898 1.2 1 11 12.793 5.23443 1.2 1 13 10.2337 8.62147 1.2031 
371 0.002 6 7.61111 150 1.5 0 0 12.6043 8.86134 1.2 1 6 12.3115 5.93629 1.2 0 12 10.8068 6.25811 1.2 0 7 12.4578 5.38898 1.2 1 11 12.793 5.23443 1.2 1 13 10.2337 8.62147 1.2031 
372 0.002 6 7.61111 150 1.5 0 0 12.6043 8.86134 1.2 1 6 12.3115 5.93629 1.2 0 12 10.8068 6.25811 1.2 0 7 12.4578 5.38898 1.2 1 11 12.793 5.23443 1.2 1 13 10.2337 8.62147 1.2031 
373 0.002 6 7.61111 150 1.5 0 0 12.6043 8.86134 1.2 1 6 12.3115 5.93629 1.2 0 12 10.8068 6.25811 1.2 0 7 12.4578 5.38898 1.2 1 11 12.793 5.23443 1.2 1 13 10.2337 8.62147 1.2031 
374 0.002 6 7.61111 150 1.5 0 0 12.6043 8.86134 1.2 1 6 12.3115 5.93629 1.2 0 12 10.8068 6.25811 1.2 0 7 12.4578 5.38898 1.2 1 11 12.793 5.23443 1.2 1 13 10.2337 8.62147 1.2031 
375 0.002 6 7.61111 150 1.5 2 0 12.6043 8.86134 1.2 1 6 12.3115 5.93629 1.2 1 12 10.8068 6.25811 1.2 0 7 12.4578 5.38898 1.2 1 11 12.793 5.23443 1.2 1 13 10.2337 8.62147 1.2031 
376 0.002 6 7.61111 150 1.5 2 0 12.6043 8.86134 1.2 1 6 12.3115 5.93629 1.2 0 12 10.8068 6.25811 1.2 0 7 12.4578 5.38898 1.2 1 11 12.793 5.23443 1.2 1 13 10.2337 8.62147 1.2031 
377 0.002 6 7.61111 150 1.5 1 0 12.6043 8.86134 1.2 1 6 12.3115 5.93629 1.2 0 12 10.8068 6.25811 1.2 1 7 12.4578 5.38898 1.2 1 11 12.793 5.23443 1.2 1 13 10.2337 8.62147 1.2031 
378 0.002 6 7.61111 150 1.5 2 0 12.6043 8.86134 1.2 2 6 12.3115 5.93629 1.2 0 12 10.8068 6.25811 1.2 0 7 12.4578 5.38898 1.2 2 11 12.793 5.23443 1.2 1 13 10.2337 8.62147 1.2031 
379 0.002 6 7.61111 150 1.5 0 0 12.6043 8.86134 1.2 1 6 12.3115 5.93629 1.2 0 12 10.8068 6.25811 1.2 1 7 12.4578 5.38898 1.2 0 11 12.793 5.23443 1.2 2 13 10.2337 8.62147 1.2031 
380 0.002 6 7.61111 150 1.5 0 0 12.6043 8.86134 1.2 1 6 12.3115 5.93629 1.2 0 12 10.8068 6.25811 1.2 0 7 12.4578 5.38898 1.2 0 11 12.793 5.23443 1.2 1 13 10.2337 8.62147 1.2031 
381 0.002 6 7.61111 150 1.5 1 0 12.6043 8.86134 1.2 1 6 12.3115 5.93629 1.2 0 12 10.8068 6.25811 1.2 0 7 12.4578 5.38898 1.2 1 11 12.793 5.23443 1.2 1 13 10.2337 8.62147 1.2031 
382 0.002 6 7.61111 150 1.5 0 0 12.6043 8.86134 1.2 1 6 12.3115 5.93629 1.2 0 12 10.8068 6.25811 1.2 1 7 12.4578 5.38898 1.2 1 11 12.793 5.23443 1.2 1 13 10.2337 8.62147 1.2031 
383 0.002 6 7.61111 150 1.5 0 0 12.6043 8.86134 1.2 1 6 12.3115 5.93629 1.2 1 12 10.8068 6.25811 1.2 0 7 12.4578 5.38898 1.2 1 11 12.793 5.23443 1.2 1 13 10.2337 8.62147 1.2031 
384 0.002 6 7.61111 150 1.5 2 0 12.6043 8.86134 1.2 1 6 12.3115 5.93629 1.2 0 12 10.8068 6.25811 1.2 0 7 12.4578 5.38898 1.2 1 11 12.793 5.23443 1.2 1 13 10.2337 8.62147 1.2031 
385 0.002 6 7.61111 150 1.5 0 0 12.6043 8.86134 1.2 1 6 12.3115 5.93629 1.2 0 12 10.8068 6.25811 1.2 0 7 12.4578 5.38898 1.2 1 11 12.793 5.23443 1.2 1 13 10.2337 8.62147 1.2031 
386 0.002 6 7.61111 150 1.5 1 0 12.6043 8.86134 1.2 1 6 12.3115 5.93629 1.2 0 12 10.8068 6.25811 1.2 0 7 12.4578 5.38898 1.2 1 11 12.793 5.23443 1.2 1 13 10.2337 8.62147 1.2031 
387 0.002 6 7.61111 150 1.5 0 0 12.6043 8.86134 1.2 1 6 12.3115 5.93629 1.2 0 12 10.8068 6.25811 1.2 0 7 12.4578 5.38898 1.2 1 11 12.793 5.23443 1.2 1 13 10.2337 8.62147 1.2031 
388 0.002 6 7.61111 150 1.5 0 0 12.6043 8.86134 1.2 1 6 12.3115 5.93629 1.2 0 12 10.8068 6.25811 1.2 0 7 12.4578 5.38898 1.2 1 11 12.793 5.23443 1.2 1 13 10.2337 8.62147 1.2031 
389 0.002 6 7.61111 150 1.5 0 0 12.6043 8.86134 1.2 1 6 12.3115 5.93629 1.2 1 12 10.8068 6.25811 1.2 0 7 12.4578 5.38898 1.2 1 11 12.793 5.23443 1.2 1 13 10.2337 8.62147 1.2031 
390 0.002 6 7.61111 150 1.5 1 0 12.6043 8.86134 1.2 0 6 12.3115 5.93629 1.2 1 12 10.8068 6.25811 1.2 0 7 12.4578 5.38898 1.2 1 11 12.793 5.23443 1.2 1 13 10.2337 8.62147 1.2031 
391 0.002 6 7.61111 150 1.5 1 0 12.6043 8.86134 1.2 1 6 12.3115 5.93629 1.2 0 12 10.8068 6.25811 1.2 1 7 12.4578 5.38898 1.2 1 11 12.793 5.23443 1.2 1 13 10.2337 8.62147 1.2031 
392 0.002 6 7.61111 150 1.5 0 0 12.6043 8.86134 1.2 2 6 12.3115 5.93629 1.2 2 12 10.8068 6.25811 1.2 1 7 12.4578 5.38898 1.2 1 11 12.793 5.23443 1.2 0 13 10.2337 8.62147 1.2031 
393 0.002 6 7.61111 150 1.5 0 0 12.6043 8.86134 1.2 1 6 12.3115 5.93629 1.2 0 12 10.8068 6.25811 1.2 0 7 12.4578 5.38898 1.2 1 11 12.793 5.23443 1.2 1 13 10.2337 8.62147 1.2031 
394 0.002 6 7.61111 150 1.5 2 0 12.6043 8.86134 1.2 1 6 12.3115 5.93629 1.2 0 12 10.8068 6.25811 1.2 0 7 12.4578 5.38898 1.2 1 11 12.793 5.23443 1.2 1 13 10.2337 8.62147 1.2031 
395 0.002 6 7.61111 150 1.5 1 0 12.6043 8.86134 1.2 1 6 12.3115 5.93629 1.2 0 12 10.8068 6.25811 1.2 0 7 12.4578 5.38898 1.2 1 11 12.793 5.23443 1.2 1 13 10.2337 8.62147 1.2031 
396 0.002 6 7.61111 150 1.5 0 0 12.6043 8.86134 1.2 1 6 12.3115 5.93629 1.2 0 12 10.8068 6.25811 1.2 0 7 12.4578 5.38898 1.2 1 11 12.793 5.23443 1.2 1 13 10.2337 8.62147 1.2031 
397 0.002 6 7.61111 150 1.5 0 0 12.6043 8.86134 1.2 1 6 12.3115 5.93629 1.2 0 12 10.8068 6.25811 1.2 0 7 12.4578 5.38898 1.2 1 11 12.793 5.23443 1.2 1 13 10.2337 8.62147 1.2031 
398 0.002 6 7.61111 150 1.5 1 0 12.6043 8.86134 1.2 1 6 12.3115 5.93629 1.2 0 12 10.8068 6.25811 1.2 0 7 12.4578 5.38898 1.2 0 11 12.793 5.23443 1.2 1 13 10.2337 8.62147 1.2031 
399 0.002 6 7.61111 150 1.5 1 0 12.6043 8.86134 1.2 1 6 12.3115 5.93629 1.2 0 12 10.8068 6.25811 1.2 0 7 12.4578 5.38898 1.2 1 11 12.793 5.23443 1.2 1 13 10.2337 8.62147 1.2031 
400 0.002 6 7.61111 150 1.5 0 0 12.6043 8.86134 1.2 1 6 12.3115 5.93629 1.2 0 12 10.8068 6.25811 1.2 0 7 12.4578 5.38898 1.2 0 11 12.793 5.23443 1.2 1 13 10.2337 8.62147 1.2031 
401 0.002 6 7.61111 150 1.5 1 0 12.6043 8.86134 1.2 0 6 12.3115 5.93629 1.2 0 12 10.8068 6.25811 1.2 0 7 12.4578 5.38898 1.2 1 11 12.793 5.23443 1.2 1 13 10.2337 8.62147 1.2031 
402 0.002 6 7.61111 150 1.5 0 0 12.6043 8.86134 1.2 1 6 12.3115 5.93629 1.2 2 12 10.8068 6.25811 1.2 0 7 12.4578 5.38898 1.2 1 11 12.793 5.23443 1.2 1 13 10.2337 8.62147 1.2031 
403 0.002 6 7.61111 150 1.5 0 0 12.6043 8.86134 1.2 1 6 12.3115 5.93629 1.2 0 12 10.8068 6.25811 1.2 0 7 12.4578 5.38898 1.2 1 11 12.793 5.23443 1.2 1 13 10.2337 8.62147 1.2031 
404 0.002 6 7.61111 150 1.5 0 0 12.6043 8.86134 1.2 1 6 12.3115 5.93629 1.2 0 12 10.8068 6.25811 1.2 0 7 12.4578 5.38898 1.2 2 11 12.793 5.23443 1.2 1 13 10.2337 8.62147 1.2031 
405 0.002 6 7.61111 150 1.5 0 0 12.6043 8.86134 1.2 1 6 12.3115 5.93629 1.2 0 12 10.8068 6.25811 1.2 0 7 12.4578 5.38898 1.2 0 11 12.793 5.23443 1.2 1 13 10.2337 8.62147 1.2031 
406 0.002 6 7.61111 150 1.5 2 0 12.6043 8.86134 1.2 1 6 12.3115 5.93629 1.2 0 12 10.8068 6.25811 1.2 0 7 12.4578 5.38898 1.2 1 11 12.793 5.23443 1.2 1 13 10.2337 8.62147 1.2031 
407 0.002 6 7.61111 150 1.5 2 0 12.6043 8.86134 1.2 1 6 12.3115 5.93629 1.2 0 12 10.8068 6.25811 1.2 2 7 12.4578 5.38898 1.2 1 11 12.793 5.23443 1.2 1 13 10.2337 8.62147 1.2031 
408 0.002 6 7.61111 150 1.5 1 0 12.6043 8.86134 1.2 1 6 12.3115 5.93629 1.2 0 12 10.8068 6.25811 1.2 0 7 12.4578 5.38898 1.2 1 11 12.793 5.23443 1.2 1 13 10.2337 8.62147 1.2031 
409 0.002 6 7.61111 150 1.5 0 0 12.6043 8.86134 1.2 1 6 12.3115 5.93629 1.2 0 12 10.8068 6.25811 1.2 0 7 12.4578 5.38898 1.2 1 11 12.793 5.23443 1.2 1 13 10.2337 8.62147 1.2031 
410 0.002 6 7.61111 150 1.5 0 0 12.6043 8.86134 1.2 1 6 12.3115 5.93629 1.2 0 12 10.8068 6.25811 1.2 0 7 12.4578 5.38898 1.2 1 11 12.793 5.23443 1.2 1 13 10.2337 8.62147 1.2031 
411 0.002 6 7.61111 150 1.5 1 0 12.6043 8.86134 1.2 1 6 12.3115 5.93629 1.2 0 12 10.8068 6.25811 1.2 0 7 12.4578 5.38898 1.2 2 11 12.793 5.23443 1.2 1 13 10.2337 8.62147 1.2031 
412 0.002 6 7.61111 150 1.5 0 0 12.6043 8.86134 1.2 1 6 12.3115 5.93629 1.2 1 12 10.8068 6.25811 1.2 0 7 12.4578 5.38898 1.2 1 11 12.793 5.23443 1.2 1 13 10.2337 8.62147 1.2031 
413 0.002 6 7.61111 150 1.5 0 0 12.6043 8.86134 1.2 1 6 12.3115 5.93629 1.2 1 12 10.8068 6.25811 1.2 0 7 12.4578 5.38898 1.2 1 11 12.793 5.23443 1.2 1 13 10.2337 8.62147 1.2031 
414 0.002 6 7.61111 150 1.5 0 0 12.6043 8.86134 1.2 1 6 12.3115 5.93629 1.2 0 12 10.8068 6.25811 1.2 0 7 12.4578 5.38898 1.2 1 11 12.793 5.23443 1.2 1 13 10.2337 8.62147 1.2031 
415 0.002 6 7.61111 150 1.5 0 0 12.6043 8.86134 1.2 1 6 12.3115 5.93629 1.2 0 12 10.8068 6.25811 1.2 0 7 12.4578 5.38898 1.2 1 11 12.793 5.23443 1.2 1 13 10.2337 8.62147 1.2031 
416 0.002 6 7.61111 150 1.5 1 0 12.6043 8.86134 1.2 1 6 12.3115 5.93629 1.2 0 12 10.8068 6.25811 1.2 0 7 12.4578 5.38898 1.2 1 11 12.793 5.23443 1.2 1 13 10.2337 8.62147 1.2031 
417 0.002 6 7.61111 150 1.5 1 0 12.6043 8.86134 1.2 1 6 12.3115 5.93629 1.2 0 12 10.8068 6.25811 1.2 0 7 12.4578 5.38898 1.2 1 11 12.793 5.23443 1.2 1 13 10.2337 8.62147 1.2031 
418 0.002 6 7.61111 150 1.5 0 0 12.6043 8.86134 1.2 1 6 12.3115 5.93629 1.2 0 12 10.8068 6.25811 1.2 0 7 12.4578 5.38898 1.2 1 11 12.793 5.23443 1.2 1 13 10.2337 8.62147 1.2031 
419 0.002 6 7.61111 150 1.5 1 0 12.6043 8.86134 1.2 1 6 12.3115 5.93629 1.2 1 12 10.8068 6.25811 1.2 0 7 12.4578 5.38898 1.2 1 11 12.793 5.23443 1.2 1 13 10.2337 8.62147 1.2031 
420 0.002 6 7.61111 150 1.5 1 0 12.6043 8.86134 1.2 1 6 12.3115 5.93629 1.2 0 12 10.8068 6.25811 1.2 0 7 12.4578 5.38898 1.2 1 11 12.793 5.23443 1.2 1 13 10.2337 8.62147 1.2031 
421 0.002 6 7.61111 150 1.5 0 0 12.6043 8.86134 1.2 1 6 12.3115 5.93629 1.2 0 12 10.8068 6.25811 1.2 0 7 12.4578 5.38898 1.2 1 11 12.793 5.23443 1.2 1 13 10.2337 8.62147 1.2031 
422 0.002 6 7.61111 150 1.5 1 0 12.6043 8.86134 1.2 1 6 12.3115 5.93629 1.2 0 12 10.8068 6.25811 1.2 0 7 12.4578 5.38898 1.2 1 11 12.793 5.23443 1.2 1 13 10.2337 8.62147 1.2031 
423 0.002 6 7.61111 150 1.5 0 0 12.6043 8.86134 1.2 1 6 12.3115 5.93629 1.2 0 12 10.8068 6.25811 1.2 0 7 12.4578 5.38898 1.2 1 11 12.793 5.23443 1.2 1 13 10.2337 8.62147 1.2031 
424 0.002 6 7.61111 150 1.5 1 0 12.6043 8.86134 1.2 1 6 12.3115 5.93629 1.2 0 12 10.8068 6.25811 1.2 0 7 12.4578 5.38898 1.2 1 11 12.793 5.23443 1.2 1 13 10.2337 8.62147 1.2031 
425 0.002 6 7.61111 150 1.5 1 0 12.6043 8.86134 1.2 1 6 12.3115 5.93629 1.2 0 12 10.8068 6.25811 1.2 0 7 12.4578 5.38898 1.2 0 11 12.793 5.23443 1.2 1 13 10.2337 8.62147 1.2031 
426 0.002 6 7.61111 150 1.5 1 0 12.6043 8.86134 1.2 1 6 12.3115 5.93629 1.2 0 12 10.8068 6.25811 1.2 1 7 12.4578 5.38898 1.2 1 11 12.793 5.23443 1.2 1 13 10.2337 8.62147 1.2031 
427 0.002 6 7.61111 150 1.5 2 0 12.6043 8.86134 1.2 1 6 12.3115 5.93629 1.2 1 12 10.8068 6.25811 1.2 0 7 12.4578 5.38898 1.2 1 11 12.793 5.23443 1.2 1 13 10.2337 8.62147 1.2031 
428 0.002 6 7.61111 150 1.5 1 0 12.6043 8.86134 1.2 1 6 12.3115 5.93629 1.2 0 12 10.8068 6.25811 1.2 0 7 12.4578 5.38898 1.2 1 11 12.793 5.23443 1.2 1 13 10.2337 8.62147 1.2031 
429 0.002 6 7.61111 150 1.5 1 0 12.6043 8.86134 1.2 1 6 12.3115 5.93629 1.2 2 12 10.8068 6.25811 1.2 1 7 12.4578 5.38898 1.2 1 11 12.793 5.23443 1.2 1 13 10.2337 8.62147 1.2031 
430 0.002 6 7.61111 150 1.5 0 0 12.6043 8.86134 1.2 0 6 12.3115 5.93629 1.2 0 12 10.8068 6.25811 1.2 0 7 12.4578 5.38898 1.2 1 11 12.793 5.23443 1.2 1 13 10.2337 8.62147 1.2031 
431 0.002 6 7.61111 150 1.5 1 0 12.6043 8.86134 1.2 1 6 12.3115 5.93629 1.2 0 12 10.8068 6.25811 1.2 0 7 12.4578 5.38898 1.2 1 11 12.793 5.23443 1.2 1 13 10.2337 8.62147 1.2031 
432 0.002 6 7.61111 150 1.5 1 0 12.6043 8.86134 1.2 1 6 12.3115 5.93629 1.2 1 12 10.8068 6.25811 1.2 0 7 12.4578 5.38898 1.2 1 11 12.793 5.23443 1.2 0 13 10.2337 8.62147 1.2031 
433 0.002 6 7.61111 150 1.5 0 0 12.6043 8.86134 1.2 0 6 12.3115 5.93629 1.2 0 12 10.8068 6.25811 1.2 0 7 12.4578 5.38898 1.2 1 11 12.793 5.23443 1.2 1 13 10.2337 8.62147 1.2031 
434 0.002 6 7.61111 150 1.5 0 0 12.6043 8.86134 1.2 1 6 12.3115 5.93629 1.2 0 12 10.8068 6.25811 1.2 0 7 12.4578 5.38898 1.2 1 11 12.793 5.23443 1.2 1 13 10.2337 8.62147 1.2031 
435 0.002 6 7.61111 150 1.5 0 0 12.6043 8.86134 1.2 1 6 12.3115 5.93629 1.2 2 12 10.8068 6.25811 1.2 1 7 12.4578 5.38898 1.2 1 11 12.793 5.23443 1.2 1 13 10.2337 8.62147 1.2031 
436 0.002 6 7.61111 150 1.5 0 0 12.6043 8.86134 1.2 1 6 12.3115 5.93629 1.2 0 12 10.8068 6.25811 1.2 0 7 12.4578 5.38898 1.2 0 11 12.793 5.23443 1.2 1 13 10.2337 8.62147 1.2031 
437 0.002 6 7.61111 150 1.5 0 0 12.6043 8.86134 1.2 1 6 12.3115 5.93629 1.2 1 12 10.8068 6.25811 1.2 0 7 12.4578 5.38898 1.2 1 11 12.793 5.23443 1.2 1 13 10.2337 8.62147 1.2031 
438 0.002 6 7.61111 150 1.5 0 0 12.6043 8.86134 1.2 1 6 12.3115 5.93629 1.2 1 12 10.8068 6.25811 1.2 0 7 12.4578 5.38898 1.2 1 11 12.793 5.23443 1.2 1 13 10.2337 8.62147 1.2031 
439 0.002 6 7.61111 150 1.5 0 0 12.6043 8.86134 1.2 1 6 12.3115 5.93629 1.2 0 12 10.8068 6.25811 1.2 0 7 12.4578 5.38898 1.2 2 11 12.793 5.23443 1.2 1 13 10.2337 8.62147 1.2031 
440 0.002 6 7.61111 150 1.5 1 0 12.6043 8.86134 1.2 1 6 12.3115 5.93629 1.2 0 12 10.8068 6.25811 1.2 0 7 12.4578 5.38898 1.2 1 11 12.793 5.23443 1.2 1 13 10.2337 8.62147 1.2031 
441 0.002 6 7.61111 150 1.5 0 0 12.6043 8.86134 1.2 1 6 12.3115 5.93629 1.2 1 12 10.8068 6.25811 1.2 0 7 12.4578 5.38898 1.2 1 11 12.793 5.23443 1.2 1 13 10.2337 8.62147 1.2031 
442 0.002 6 7.61111 150 1.5 1 0 12.6043 8.86134 1.2 1 6 12.3115 5.93629 1.2 0 12 10.8068 6.25811 1.2 0 7 12.4578 5.38898 1.2 1 11 12.793 5.23443 1.2 1 13 10.2337 8.62147 1.2031 
443 0.002 6 7.61111 150 1.5 0 0 12.6043 8.86134 1.2 1 6 12.3115 5.93629 1.2 1 12 10.8068 6.25811 1.2 0 7 12.4578 5.38898 1.2 1 11 12.793 5.23443 1.2 1 13 10.2337 8.62147 1.2031 
444 0.002 6 7.61111 150 1.5 1 0 12.6043 8.86134 1.2 1 6 12.3115 5.93629 1.2 0 12 10.8068 6.25811 1.2 0 7 12.4578 5.38898 1.2 1 11 12.793 5.23443 1.2 1 13 10.2337 8.62147 1.2031 
445 0.002 6 7.61111 150 1.5 2 0 12.6043 8.86134 1.2 1 6 12.3115 5.93629 1.2 0 12 10.8068 6.25811 1.2 0 7 12.4578 5.38898 1.2 0 11 12.793 5.23443 1.2 1 13 10.2337 8.62147 1.2031 
446 0.002 6 7.61111 150 1.5 0 0 12.6043 8.86134 1.2 1 6 12.3115 5.93629 1.2 0 12 10.8068 6.25811 1.2 2 7 12.4578 5.38898 1.2 1 11 12.793 5.23443 1.2 1 13 10.2337 8.62147 1.2031 
447 0.002 6 7.61111 150 1.5 0 0 12.6043 8.86134 1.2 1 6 12.3115 5.93629 1.2 1 12 10.8068 6.25811 1.2 0 7 12.4578 5.38898 1.2 1 11 12.793 5.23443 1.2 1 13 10.2337 8.62147 1.2031 
448 0.002 6 7.61111 150 1.5 0 0 12.6043 8.86134 1.2 1 6 12.3115 5.93629 1.2 0 12 10.8068 6.25811 1.2 0 7 12.4578 5.38898 1.2 1 11 12.793 5.23443 1.2 1 13 10.2337 8.62147 1.2031 
449 0.002 6 7.61111 150 1.5 1 0 12.6043 8.86134 1.2 1 6 12.3115 5.93629 1.2 0 12 10.8068 6.25811 1.2 0 7 12.4578 5.38898 1.2 1 11 12.793 5.23443 1.2 1 13 10.2337 8.62147 1.2031 
450 0.002 6 7.61111 150 1.5 1 0 12.6043 8.86134 1.2 1 6 12.3115 5.93629 1.2 0 12 10.8068 6.25811 1.2 0 7 12.4578 5.38898 1.2 1 11 12.793 5.23443 1.2 1 13 10.2337 8.62147 1.2031 
451 0.002 6 7.61111 150 1.5 2 0 12.6043 8.86134 1.2 1 6 12.3115 5.93629 1.2 0 12 10.8068 6.25811 1.2 2 7 12.4578 5.38898 1.2 2 11 12.793 5.23443 1.2 1 13 10.2337 8.62147 1.2031 
452 0.002 6 7.61111 150 1.5 1 0 12.6043 8.86134 1.2 1 6 12.3115 5.93629 1.2 0 12 10.8068 6.25811 1.2 0 7 12.4578 5.38898 1.2 1 11 12.793 5.23443 1.2 1 13 10.2337 8.62147 1.2031 
453 0.002 6 7.61111 150 1.5 1 0 12.6043 8.86134 1.2 0 6 12.3115 5.93629 1.2 0 12 10.8068 6.25811 1.2 0 7 12.4578 5.38898 1.2 1 11 12.793 5.23443 1.2 1 13 10.2337 8.62147 1.2031 
454 0.002 6 7.61111 150 1.5 0 0 12.6043 8.86134 1.2 1 6 12.3115 5.93629 1.2 0 12 10.8068 6.25811 1.2 0 7 12.4578 5.38898 1.2 1 11 12.793 5.23443 1.2 1 13 10.2337 8.62147 1.2031 
455 0.002 6 7.61111 150 1.5 0 0 12.6043 8.86134 1.2 1 6 12.3115 5.93629 1.2 0 12 10.8068 6.25811 1.2 0 7 12.4578 5.38898 1.2 1 11 12.793 5.23443 1.2 2 13 10.2337 8.62147 1.2031 
456 0.002 6 7.61111 150 1.5 0 0 12.6043 8.86134 1.2 1 6 12.3115 5.93629 1.2 0 12 10.8068 6.25811 1.2 0 7 12.4578 5.38898 1.2 1 11 12.793 5.23443 1.2 1 13 10.2337 8.62147 1.2031 
457 0.002 6 7.61111 150 1.5 1 0 12.6043 8.86134 1.2 1 6 12.3115 5.93629 1.2 0 12 10.8068 6.25811 1.2 0 7 12.4578 5.38898 1.2 1 11 12.793 5.23443 1.2 1 13 10.2337 8.62147 1.2031 
458 0.002 6 7.61111 150 1.5 0 0 12.6043 8.86134 1.2 1 6 12.3115 5.93629 1.2 0 12 10.8068 6.25811 1.2 2 7 12.4578 5.38898 1.2 2 11 12.793 5.23443 1.2 1 13 10.2337 8.62147 1.2031 
459 0.002 6 7.61111 150 1.5 0 0 12.6043 8.86134 1.2 1 6 12.3115 5.93629 1.2 0 12 10.8068 6.25811 1.2 0 7 12.4578 5.38898 1.2 1 11 12.793 5.23443 1.2 1 13 10.2337 8.62147 1.2031 
460 0.002 6 7.61111 150 1.5 0 0 12.6043 8.86134 1.2 1 6 12.3115 5.93629 1.2 0 12 10.8068 6.25811 1.2 0 7 12.4578 5.38898 1.2 1 11 12.793 5.23443 1.2 1 13 10.2337 8.62147 1.2031 
461 0.002 6 7.61111 150 1.5 0 0 12.6043 8.86134 1.2 1 6 12.3115 5.93629 1.2 0 12 10.8068 6.25811 1.2 0 7 12.4578 5.38898 1.2 1 11 12.793 5.23443 1.2 1 13 10.2337 8.62147 1.2031 
462 0.002 6 7.61111 150 1.5 1 0 12.6043 8.86134 1.2 1 6 12.3115 5.93629 1.2 0 12 10.8068 6.25811 1.2 0 7 12.4578 5.38898 1.2 1 11 12.793 5.23443 1.2 1 13 10.2337 8.62147 1.2031 
463 0.002 6 7.61111 150 1.5 1 0 12.6043 8.86134 1.2 1 6 12.3115 5.93629 1.2 0 12 10.8068 6.25811 1.2 0 7 12.4578 5.38898 1.2 1 11 12.793 5.23443 1.2 1 13 10.2337 8.62147 1.2031 
464 0.002 6 7.61111 150 1.5 1 0 12.6043 8.86134 1.2 1 6 12.3115 5.93629 1.2 0 12 10.8068 6.25811 1.2 0 7 12.4578 5.38898 1.2 0 11 12.793 5.23443 1.2 1 13 10.2337 8.62147 1.2031 
465 0.002 6 7.61111 150 1.5 0 0 12.6043 8.86134 1.2 1 6 12.3115 5.93629 1.2 0 12 10.8068 6.25811 1.2 0 7 12.4578 5.38898 1.2 1 11 12.793 5.23443 1.2 0 13 10.2337 8.62147 1.2031 
466 0.002 6 7.61111 150 1.5 2 0 12.6043 8.86134 1.2 1 6 12.3115 5.93629 1.2 0 12 10.8068 6.25811 1.2 1 7 12.4578 5.38898 1.2 1 11 12.793 5.23443 1.2 1 13 10.2337 8.62147 1.2031 
467 0.002 6 7.61111 150 1.5 1 0 12.6043 8.86134 1.2 1 6 12.3115 5.93629 1.2 0 12 10.8068 6.25811 1.2 2 7 12.4578 5.38898 1.2 1 11 12.793 5.23443 1.2 1 13 10.2337 8.62147 1.2031 
468 0.002 6 7.61111 150 1.5 0 0 12.6043 8.86134 1.2 1 6 12.3115 5.93629 1.2 2 12 10.8068 6.25811 1.2 0 7 12.4578 5.38898 1.2 1 11 12.793 5.23443 1.2 1 13 10.2337 8.62147 1.2031 
469 0.002 6 7.61111 150 1.5 1 0 12.6043 8.86134 1.2 1 6 12.3115 5.93629 1.2 0 12 10.8068 6.25811 1.2 0 7 12.4578 5.38898 1.2 1 11 12.793 5.23443 1.2 1 13 10.2337 8.62147 1.2031 
470 0.002 6 7.61111 150 1.5 2 0 12.6043 8.86134 1.2 1 6 12.3115 5.93629 1.2 0 12 10.8068 6.25811 1.2 0 7 12.4578 5.38898 1.2 1 11 12.793 5.23443 1.2 1 13 10.2337 8.62147 1.2031 
471 0.002 6 7.61111 150 1.5 2 0 12.6043 8.86134 1.2 1 6 12.3115 5.93629 1.2 0 12 10.8068 6.25811 1.2 0 7 12.4578 5.38898 1.2 1 11 12.793 5.23443 1.2 1 13 10.2337 8.62147 1.2031 
472 0.002 6 7.61111 150 1.5 0 0 12.6043 8.86134 1.2 1 6 12.3115 5.93629 1.2 0 12 10.8068 6.25811 1.2 0 7 12.4578 5.38898 1.2 1 11 12.793 5.23443 1.2 1 13 10.2337 8.62147 1.2031 
473 0.002 6 7.61111 150 1.5 0 0 12.6043 8.86134 1.2 1 6 12.3115 5.93629 1.2 0 12 10.8068 6.25811 1.2 0 7 12.4578 5.38898 1.2 1 11 12.793 5.23443 1.2 1 13 10.2337 8.62147 1.2031 
474 0.002 6 7.61111 150 1.5 0 0 12.6043 8.86134 1.2 1 6 12.3115 5.93629 1.2 2 12 10.8068 6.25811 1.2 0 7 12.4578 5.38898 1.2 1 11 12.793 5.23443 1.2 1 13 10.2337 8.62147 1.2031 
475 0.002 6 7.61111 150 1.5 1 0 12.6043 8.86134 1.2 1 6 12.3115 5.93629 1.2 0 12 10.8068 6.25811 1.2 0 7 12.4578 5.38898 1.2 1 11 12.793 5.23443 1.2 1 13 10.2337 8.62147 1.2031 
476 0.002 6 7.61111 150 1.5 1 0 12.6043 8.86134 1.2 1 6 12.3115 5.93629 1.2 0 12 10.8068 6.25811 1.2 0 7 12.4578 5.38898 1.2 1 11 12.793 5.23443 1.2 1 13 10.2337 8.62147 1.2031 
477 0.002 6 7.61111 150 1.5 1 0 12.6043 8.86134 1.2 1 6 12.3115 5.93629 1.2 0 12 10.8068 6.25811 1.2 0 7 12.4578 5.38898 1.2 2 11 12.793 5.23443 1.2 1 13 10.2337 8.62147 1.2031 
478 0.002 6 7.61111 150 1.5 0 0 12.6043 8.86134 1.2 1 6 12.3115 5.93629 1.2 0 12 10.8068 6.25811 1.2 0 7 12.4578 5.38898 1.2 0 11 12.793 5.23443 1.2 1 13 10.2337 8.62147 1.2031 
479 0.002 6 7.61111 150 1.5 1 0 12.6043 8.86134 1.2 1 6 12.3115 5.93629 1.2 1 12 10.8068 6.25811 1.2 2 7 12.4578 5.38898 1.2 1 11 12.793 5.23443 1.2 1 13 10.2337 8.62147 1.2031 
480 0.002 6 7.61111 150 1.5 1 0 12.6043 8.86134 1.2 1 6 12.3115 5.93629 1.2 0 12 10.8068 6.25811 1.2 0 7 12.4578 5.38898 1.2 1 11 12.793 5.23443 1.2 1 13 10.2337 8.62147 1.2031 
481 0.002 6 7.61111 150 1.5 1 0 12.6043 8.86134 1.2 0 6 12.3115 5.93629 1.2 0 12 10.8068 6.25811 1.2 0 7 12.4578 5.38898 1.2 1 11 12.793 5.23443 1.2 1 13 10.2337 8.62147 1.2031 
482 0.002 6 7.61111 150 1.5 1 0 12.6043 8.86134 1.2 1 6 12.3115 5.93629 1.2 1 12 10.8068 6.25811 1.2 1 7 12.4578 5.38898 1.2 1 11 12.793 5.23443 1.2 1 13 10.2337 8.62147 1.2031 
483 0.002 6 7.61111 150 1.5 0 0 12.6043 8.86134 1.2 1 6 12.3115 5.93629 1.2 0 12 10.8068 6.25811 1.2 0 7 12.4578 5.38898 1.2 1 11 12.793 5.23443 1.2 2 13 10.2337 8.62147 1.2031 
484 0.002 6 7.61111 150 1.5 0 0 12.6043 8.86134 1.2 1 6 12.3115 5.93629 1.2 0 12 10.8068 6.25811 1.2 0 7 12.4578 5.38898 1.2 2 11 12.793 5.23443 1.2 1 13 10.2337 8.62147 1.2031 
485 0.002 6 7.61111 150 1.5 0 0 12.6043 8.86134 1.2 1 6 12.3115 5.93629 1.2 0 12 10.8068 6.25811 1.2 0 7 12.4578 5.38898 1.2 1 11 12.793 5.23443 1.2 1 13 10.2337 8.62147 1.2031 
486 0.002 6 7.61111 150 1.5 0 0 12.6043 8.86134 1.2 1 6 12.3115 5.93629 1.2 0 12 10.8068 6.25811 1.2 0 7 12.4578 5.38898 1.2 2 11 12.793 5.23443 1.2 1 13 10.2337 8.62147 1.2031 
487 0.002 6 7.61111 150 1.5 0 0 12.6043 8.86134 1.2 1 6 12.3115 5.93629 1.2 2 12 10.8068 6.25811 1.2 0 7 12.4578 5.38898 1.2 1 11 12.793 5.23443 1.2 1 13 10.2337 8.62147 1.2031 
488 0.002 6 7.61111 150 1.5 1 0 12.6043 8.86134 1.2 1 6 12.3115 5.93629 1.2 2 12 10.8068 6.25811 1.2 0 7 12.4578 5.38898 1.2 1 11 12.793 5.23443 1.2 1 13 10.2337 8.62147 1.2031 
489 0.002 6 7.61111 150 1.5 0 0 12.6043 8.86134 1.2 1 6 12.3115 5.93629 1.2 0 12 10.8068 6.25811 1.2 0 7 12.4578 5.38898 1.2 1 11 12.793 5.23443 1.2 1 13 10.2337 8.62147 1.2031 
490 0.002 6 7.61111 150 1.5 0 0 12.6043 8.86134 1.2 0 6 12.3115 5.93629 1.2 2 12 10.8068 6.25811 1.2 0 7 12.4578 5.38898 1.2 1 11 12.793 5.23443 1.2 1 13 10.2337 8.62147 1.2031 
491 0.002 6 7.61111 150 1.5 0 0 12.6043 8.86134 1.2 1 6 12.3115 5.93629 1.2 0 12 10.8068 6.25811 1.2 0 7 12.4578 5.38898 1.2 1 11 12.793 5.23443 1.2 1 13 10.2337 8.62147 1.2031 
492 0.002 6 7.61111 150 1.5 1 0 12.6043 8.86134 1.2 1 6 12.3115 5.93629 1.2 0 12 10.8068 6.25811 1.2 0 7 12.4578 5.38898 1.2 1 11 12.793 5.23443 1.2 1 13 10.2337 8.62147 1.2031 
493 0.002 6 7.61111 150 1.5 1 0 12.6043 8.86134 1.2 1 6 12.3115 5.93629 1.2 0 12 10.8068 6.25811 1.2 0 7 12.4578 5.38898 1.2 1 11 12.793 5.23443 1.2 1 13 10.2337 8.62147 1.2031 
494 0.002 6 7.61111 150 1.5 0 0 12.6043 8.86134 1.2 1 6 12.3115 5.93629 1.2 0 12 10.8068 6.25811 1.2 0 7 12.4578 5.38898 1.2 1 11 12.793 5.23443 1.2 0 13 10.2337 8.62147 1.2031 
495 0.002 6 7.61111 150 1.5 0 0 12.6043 8.86134 1.2 1 6 12.3115 5.93629 1.2 0 12 10.8068 6.25811 1.2 0 7 12.4578 5.38898 1.2 1 11 12.793 5.23443 1.2 1 13 10.2337 8.62147 1.2031 
496 0.002 6 7.61111 150 1.5 1 0 12.6043 8.86134 1.2 2 6 12.3115 5.93629 1.2 0 12 10.8068 6.25811 1.2 0 7 12.4578 5.38898 1.2 1 11 12.793 5.23443 1.2 1 13 10.2337 8.62147 1.2031 
497 0.002 6 7.61111 150 1.5 1 0 12.6043 8.86134 1.2 1 6 12.3115 5.93629 1.2 0 12 10.8068 6.25811 1.2 0 7 12.4578 5.38898 1.2 1 11 12.793 5.23443 1.2 1 13 10.2337 8.62147 1.2031 
498 0.002 6 7.61111 150 1.5 0 0 12.6043 8.86134 1.2 1 6 12.3115 5.93629 1.2 0 12 10.8068 6.25811 1.2 0 7 12.4578 5.38898 1.2 1 11 12.793 5.23443 1.2 1 13 10.2337 8.62147 1.2031 
499 0.002 6 7.61111 150 1.5 0 0 12.6043 8.86134 1.2 0 6 12.3115 5.93629 1.2 1 12 10.8068 6.25811 1.2 0 7 12.4578 5.38898 1.2 1 11 12.793 5.23443 1.2 1 13 10.2337 8.62147 1.2031 
