500
0 0.002 6 8.61111 170 1.5 1 0 11.9582 8.5086 1.2 1 6 12.7248 6.61969 1.2 1 7 12.2738 6.11857 1.2 1 13 10.6119 9.00077 1.20199 0 12 10.2555 6.14544 1.2 2 11 12.2204 5.79309 1.2 
1 0.002 6 8.61111 170 1.5 0 0 11.9582 8.5086 1.2 1 6 12.7248 6.61969 1.2 1 7 12.2738 6.11857 1.2 1 13 10.6119 9.00077 1.20199 0 12 10.2555 6.14544 1.2 1 11 12.2204 5.79309 1.2 
2 0.002 6 8.61111 170 1.5 0 0 11.9582 8.5086 1.2 1 6 12.7248 6.61969 1.2 0 7 12.2738 6.11857 1.2 2 13 10.6119 9.00077 1.20199 0 12 10.2555 6.14544 1.2 1 11 12.2204 5.79309 1.2 
3 0.002 6 8.61111 170 1.5 0 0 11.9582 8.5086 1.2 1 6 12.7248 6.61969 1.2 0 7 12.2738 6.11857 1.2 1 13 10.6119 9.00077 1.20199 0 12 10.2555 6.14544 1.2 1 11 12.2204 5.79309 1.2 
4 0.002 6 8.61111 170 1.5 0 0 11.9582 8.5086 1.2 1 6 12.7248 6.61969 1.2 0 7 12.2738 6.11857 1.2 1 13 10.6119 9.00077 1.20199 0 12 10.2555 6.14544 1.2 1 11 12.2204 5.79309 1.2 
5 0.002 6 8.61111 170 1.5 0 0 11.9582 8.5086 1.2 1 6 12.7248 6.61969 1.2 1 7 12.2738 6.11857 1.2 2 13 10.6119 9.00077 1.20199 0 12 10.2555 6.14544 1.2 1 11 12.2204 5.79309 1.2 
6 0.002 6 8.61111 170 1.5 0 0 11.9582 8.5086 1.2 1 6 12.7248 6.61969 1.2 1 7 12.2738 6.11857 1.2 1 13 10.6119 9.00077 1.20199 0 12 10.2555 6.14544 1.2 1 11 12.2204 5.79309 1.2 
7 0.002 6 8.61111 170 1.5 0 0 11.9582 8.5086 1.2 2 6 12.7248 6.61969 1.2 1 7 12.2738 6.11857 1.2 1 13 10.6119 9.00077 1.20199 1 12 10.2555 6.14544 1.2 0 11 12.2204 5.79309 1.2 
8 0.002 6 8.61111 170 1.5 2 0 11.9582 8.5086 1.2 1 6 12.7248 6.61969 1.2 0 7 12.2738 6.11857 1.2 1 13 10.6119 9.00077 1.20199 0 12 10.2555 6.14544 1.2 0 11 12.2204 5.79309 1.2 
9 0.002 6 8.61111 170 1.5 0 0 11.9582 8.5086 1.2 1 6 12.7248 6.61969 1.2 1 7 12.2738 6.11857 1.2 1 13 10.6119 9.00077 1.20199 0 12 10.2555 6.14544 1.2 1 11 12.2204 5.79309 1.2 
10 0.002 6 8.61111 170 1.5 0 0 11.9582 8.5086 1.2 1 6 12.7248 6.61969 1.2 1 7 12.2738 6.11857 1.2 2 13 10.6119 9.00077 1.20199 0 12 10.2555 6.14544 1.2 1 11 12.2204 5.79309 1.2 
11 0.002 6 8.61111 170 1.5 0 0 11.9582 8.5086 1.2 1 6 12.7248 6.61969 1.2 1 7 12.2738 6.11857 1.2 1 13 10.6119 9.00077 1.20199 0 12 10.2555 6.14544 1.2 0 11 12.2204 5.79309 1.2 
12 0.002 6 8.61111 170 1.5 0 0 11.9582 8.5086 1.2 1 6 12.7248 6.61969 1.2 0 7 12.2738 6.11857 1.2 1 13 10.6119 9.00077 1.20199 0 12 10.2555 6.14544 1.2 1 11 12.2204 5.79309 1.2 
13 0.002 6 8.61111 170 1.5 0 0 11.9582 8.5086 1.2 1 6 12.7248 6.61969 1.2 0 7 12.2738 6.11857 1.2 1 13 10.6119 9.00077 1.20199 0 12 10.2555 6.14544 1.2 1 11 12.2204 5.79309 1.2 
14 0.002 6 8.61111 170 1.5 0 0 11.9582 8.5086 1.2 1 6 12.7248 6.61969 1.2 0 7 12.2738 6.11857 1.2 2 13 10.6119 9.00077 1.20199 1 12 10.2555 6.14544 1.2 0 11 12.2204 5.79309 1.2 
15 0.002 6 8.61111 170 1.5 0 0 11.9582 8.5086 1.2 1 6 12.7248 6.61969 1.2 0 7 12.2738 6.11857 1.2 1 13 10.6119 9.00077 1.20199 0 12 10.2555 6.14544 1.2 1 11 12.2204 5.79309 1.2 
16 0.002 6 8.61111 170 1.5 0 0 11.9582 8.5086 1.2 1 6 12.7248 6.61969 1.2 1 7 12.2738 6.11857 1.2 2 13 10.6119 9.00077 1.20199 0 12 10.2555 6.14544 1.2 1 11 12.2204 5.79309 1.2 
17 0.002 6 8.61111 170 1.5 0 0 11.9582 8.5086 1.2 1 6 12.7248 6.61969 1.2 0 7 12.2738 6.11857 1.2 1 13 10.6119 9.00077 1.20199 0 12 10.2555 6.14544 1.2 1 11 12.2204 5.79309 1.2 
18 0.002 6 8.61111 170 1.5 0 0 11.9582 8.5086 1.2 1 6 12.7248 6.61969 1.2 0 7 12.2738 6.11857 1.2 2 13 10.6119 9.00077 1.20199 0 12 10.2555 6.14544 1.2 1 11 12.2204 5.79309 1.2 
19 0.002 6 8.61111 170 1.5 0 0 11.9582 8.5086 1.2 1 6 12.7248 6.61969 1.2 1 7 12.2738 6.11857 1.2 1 13 10.6119 9.00077 1.20199 0 12 10.2555 6.14544 1.2 0 11 12.2204 5.79309 1.2 
20 0.002 6 8.61111 170 1.5 0 0 11.9582 8.5086 1.2 1 6 12.7248 6.61969 1.2 1 7 12.2738 6.11857 1.2 1 13 10.6119 9.00077 1.20199 0 12 10.2555 6.14544 1.2 1 11 12.2204 5.79309 1.2 
21 0.002 6 8.61111 170 1.5 0 0 11.9582 8.5086 1.2 1 6 12.7248 6.61969 1.2 2 7 12.2738 6.11857 1.2 1 13 10.6119 9.00077 1.20199 0 12 10.2555 6.14544 1.2 1 11 12.2204 5.79309 1.2 
22 0.002 6 8.61111 170 1.5 0 0 11.9582 8.5086 1.2 1 6 12.7248 6.61969 1.2 0 7 12.2738 6.11857 1.2 0 13 10.6119 9.00077 1.20199 0 12 10.2555 6.14544 1.2 1 11 12.2204 5.79309 1.2 
23 0.002 6 8.61111 170 1.5 0 0 11.9582 8.5086 1.2 1 6 12.7248 6.61969 1.2 1 7 12.2738 6.11857 1.2 1 13 10.6119 9.00077 1.20199 0 12 10.2555 6.14544 1.2 1 11 12.2204 5.79309 1.2 
24 0.002 6 8.61111 170 1.5 0 0 11.9582 8.5086 1.2 1 6 12.7248 6.61969 1.2 2 7 12.2738 6.11857 1.2 2 13 10.6119 9.00077 1.20199 0 12 10.2555 6.14544 1.2 1 11 12.2204 5.79309 1.2 
25 0.002 6 8.61111 170 1.5 0 0 11.9582 8.5086 1.2 1 6 12.7248 6.61969 1.2 0 7 12.2738 6.11857 1.2 1 13 10.6119 9.00077 1.20199 0 12 10.2555 6.14544 1.2 1 11 12.2204 5.79309 1.2 
26 0.002 6 8.61111 170 1.5 0 0 11.9582 8.5086 1.2 0 6 12.7248 6.61969 1.2 0 7 12.2738 6.11857 1.2 1 13 10.6119 9.00077 1.20199 1 12 10.2555 6.14544 1.2 0 11 12.2204 5.79309 1.2 
27 0.002 6 8.61111 170 1.5 1 0 11.9582 8.5086 1.2 1 6 12.7248 6.61969 1.2 1 7 12.2738 6.11857 1.2 2 13 10.6119 9.00077 1.20199 0 12 10.2555 6.14544 1.2 2 11 12.2204 5.79309 1.2 
28 0.002 6 8.61111 170 1.5 0 0 11.9582 8.5086 1.2 1 6 12.7248 6.61969 1.2 1 7 12.2738 6.11857 1.2 0 13 10.6119 9.00077 1.20199 0 12 10.2555 6.14544 1.2 1 11 12.2204 5.79309 1.2 
29 0.002 6 8.61111 170 1.5 0 0 11.9582 8.5086 1.2 2 6 12.7248 6.61969 1.2 0 7 12.2738 6.11857 1.2 1 13 10.6119 9.00077 1.20199 0 12 10.2555 6.14544 1.2 1 11 12.2204 5.79309 1.2 
30 0.002 6 8.61111 170 1.5 0 0 11.9582 8.5086 1.2 1 6 12.7248 6.61969 1.2 0 7 12.2738 6.11857 1.2 1 13 10.6119 9.00077 1.20199 0 12 10.2555 6.14544 1.2 1 11 12.2204 5.79309 1.2 
31 0.002 6 8.61111 170 1.5 0 0 11.9582 8.5086 1.2 1 6 12.7248 6.61969 1.2 0 7 12.2738 6.11857 1.2 1 13 10.6119 9.00077 1.20199 0 12 10.2555 6.14544 1.2 1 11 12.2204 5.79309 1.2 
32 0.002 6 8.61111 170 1.5 0 0 11.9582 8.5086 1.2 1 6 12.7248 6.61969 1.2 0 7 12.2738 6.11857 1.2 1 13 10.6119 9.00077 1.20199 0 12 10.2555 6.14544 1.2 1 11 12.2204 5.79309 1.2 
33 0.002 6 8.61111 170 1.5 0 0 11.9582 8.5086 1.2 1 6 12.7248 6.61969 1.2 0 7 12.2738 6.11857 1.2 1 13 10.6119 9.00077 1.20199 2 12 10.2555 6.14544 1.2 1 11 12.2204 5.79309 1.2 
34 0.002 6 8.61111 170 1.5 0 0 11.9582 8.5086 1.2 1 6 12.7248 6.61969 1.2 1 7 12.2738 6.11857 1.2 1 13 10.6119 9.00077 1.20199 0 12 10.2555 6.14544 1.2 0 11 12.2204 5.79309 1.2 
35 0.002 6 8.61111 170 1.5 0 0 11.9582 8.5086 1.2 1 6 12.7248 6.61969 1.2 1 7 12.2738 6.11857 1.2 1 13 10.6119 9.00077 1.20199 0 12 10.2555 6.14544 1.2 1 11 12.2204 5.79309 1.2 
36 0.002 6 8.61111 170 1.5 0 0 11.9582 8.5086 1.2 1 6 12.7248 6.61969 1.2 1 7 12.2738 6.11857 1.2 1 13 10.6119 9.00077 1.20199 0 12 10.2555 6.14544 1.2 1 11 12.2204 5.79309 1.2 
37 0.002 6 8.61111 170 1.5 0 0 11.9582 8.5086 1.2 1 6 12.7248 6.61969 1.2 0 7 12.2738 6.11857 1.2 1 13 10.6119 9.00077 1.20199 0 12 10.2555 6.14544 1.2 1 11 12.2204 5.79309 1.2 
38 0.002 6 8.61111 170 1.5 0 0 11.9582 8.5086 1.2 1 6 12.7248 6.61969 1.2 0 7 12.2738 6.11857 1.2 2 13 10.6119 9.00077 1.20199 0 12 10.2555 6.14544 1.2 1 11 12.2204 5.79309 1.2 
39 0.002 6 8.61111 170 1.5 0 0 11.9582 8.5086 1.2 1 6 12.7248 6.61969 1.2 0 7 12.2738 6.11857 1.2 1 13 10.6119 9.00077 1.20199 0 12 10.2555 6.14544 1.2 1 11 12.2204 5.79309 1.2 
40 0.002 6 8.61111 170 1.5 0 0 11.9582 8.5086 1.2 1 6 12.7248 6.61969 1.2 1 7 12.2738 6.11857 1.2 1 13 10.6119 9.00077 1.20199 0 12 10.2555 6.14544 1.2 1 11 12.2204 5.79309 1.2 
41 0.002 6 8.61111 170 1.5 0 0 11.9582 8.5086 1.2 1 6 12.7248 6.61969 1.2 0 7 12.2738 6.11857 1.2 1 13 10.6119 9.00077 1.20199 0 12 10.2555 6.14544 1.2 1 11 12.2204 5.79309 1.2 
42 0.002 6 8.61111 170 1.5 0 0 11.9582 8.5086 1.2 1 6 12.7248 6.61969 1.2 1 7 12.2738 6.11857 1.2 0 13 10.6119 9.00077 1.20199 0 12 10.2555 6.14544 1.2 0 11 12.2204 5.79309 1.2 
43 0.002 6 8.61111 170 1.5 0 0 11.9582 8.5086 1.2 1 6 12.7248 6.61969 1.2 0 7 12.2738 6.11857 1.2 1 13 10.6119 9.00077 1.20199 0 12 10.2555 6.14544 1.2 1 11 12.2204 5.79309 1.2 
44 0.002 6 8.61111 170 1.5 0 0 11.9582 8.5086 1.2 1 6 12.7248 6.61969 1.2 0 7 12.2738 6.11857 1.2 1 13 10.6119 9.00077 1.20199 0 12 10.2555 6.14544 1.2 1 11 12.2204 5.79309 1.2 
45 0.002 6 8.61111 170 1.5 0 0 11.9582 8.5086 1.2 1 6 12.7248 6.61969 1.2 1 7 12.2738 6.11857 1.2 1 13 10.6119 9.00077 1.20199 0 12 10.2555 6.14544 1.2 0 11 12.2204 5.79309 1.2 
46 0.002 6 8.61111 170 1.5 0 0 11.9582 8.5086 1.2 1 6 12.7248 6.61969 1.2 2 7 12.2738 6.11857 1.2 2 13 10.6119 9.00077 1.20199 0 12 10.2555 6.14544 1.2 1 11 12.2204 5.79309 1.2 
47 0.002 6 8.61111 170 1.5 0 0 11.9582 8.5086 1.2 1 6 12.7248 6.61969 1.2 1 7 12.2738 6.11857 1.2 2 13 10.6119 9.00077 1.20199 0 12 10.2555 6.14544 1.2 1 11 12.2204 5.79309 1.2 
48 0.002 6 8.61111 170 1.5 0 0 11.9582 8.5086 1.2 1 6 12.7248 6.61969 1.2 2 7 12.2738 6.11857 1.2 1 13 10.6119 9.00077 1.20199 0 12 10.2555 6.14544 1.2 1 11 12.2204 5.79309 1.2 
49 0.002 6 8.61111 170 1.5 0 0 11.9582 8.5086 1.2 1 6 12.7248 6.61969 1.2 1 7 12.2738 6.11857 1.2 1 13 10.6119 9.00077 1.20199 0 12 10.2555 6.14544 1.2 1 11 12.2204 5.79309 1.2 
50 0.002 6 8.61111 170 1.5 0 0 11.9582 8.5086 1.2 1 6 12.7248 6.61969 1.2 1 7 12.2738 6.11857 1.2 0 13 10.6119 9.00077 1.20199 0 12 10.2555 6.14544 1.2 1 11 12.2204 5.79309 1.2 
51 0.002 6 8.61111 170 1.5 0 0 11.9582 8.5086 1.2 1 6 12.7248 6.61969 1.2 0 7 12.2738 6.11857 1.2 1 13 10.6119 9.00077 1.20199 0 12 10.2555 6.14544 1.2 0 11 12.2204 5.79309 1.2 
52 0.002 6 8.61111 170 1.5 2 0 11.9582 8.5086 1.2 1 6 12.7248 6.61969 1.2 1 7 12.2738 6.11857 1.2 0 13 10.6119 9.00077 1.20199 1 12 10.2555 6.14544 1.2 1 11 12.2204 5.79309 1.2 
53 0.002 6 8.61111 170 1.5 0 0 11.9582 8.5086 1.2 1 6 12.7248 6.61969 1.2 1 7 12.2738 6.11857 1.2 1 13 10.6119 9.00077 1.20199 0 12 10.2555 6.14544 1.2 0 11 12.2204 5.79309 1.2 
54 0.002 6 8.61111 170 1.5 0 0 11.9582 8.5086 1.2 1 6 12.7248 6.61969 1.2 0 7 12.2738 6.11857 1.2 2 13 10.6119 9.00077 1.20199 0 12 10.2555 6.14544 1.2 0 11 12.2204 5.79309 1.2 
55 0.002 6 8.61111 170 1.5 1 0 11.9582 8.5086 1.2 1 6 12.7248 6.61969 1.2 1 7 12.2738 6.11857 1.2 2 13 10.6119 9.00077 1.20199 0 12 10.2555 6.14544 1.2 1 11 12.2204 5.79309 1.2 
56 0.002 6 8.61111 170 1.5 0 0 11.9582 8.5086 1.2 1 6 12.7248 6.61969 1.2 1 7 12.2738 6.11857 1.2 0 13 10.6119 9.00077 1.20199 0 12 10.2555 6.14544 1.2 0 11 12.2204 5.79309 1.2 
57 0.002 6 8.61111 170 1.5 0 0 11.9582 8.5086 1.2 1 6 12.7248 6.61969 1.2 0 7 12.2738 6.11857 1.2 1 13 10.6119 9.00077 1.20199 0 12 10.2555 6.14544 1.2 1 11 12.2204 5.79309 1.2 
58 0.002 6 8.61111 170 1.5 2 0 11.9582 8.5086 1.2 1 6 12.7248 6.61969 1.2 1 7 12.2738 6.11857 1.2 2 13 10.6119 9.00077 1.20199 1 12 10.2555 6.14544 1.2 1 11 12.2204 5.79309 1.2 
59 0.002 6 8.61111 170 1.5 0 0 11.9582 8.5086 1.2 1 6 12.7248 6.61969 1.2 1 7 12.2738 6.11857 1.2 1 13 10.6119 9.00077 1.20199 1 12 10.2555 6.14544 1.2 1 11 12.2204 5.79309 1.2 
60 0.002 6 8.61111 170 1.5 0 0 11.9582 8.5086 1.2 1 6 12.7248 6.61969 1.2 0 7 12.2738 6.11857 1.2 2 13 10.6119 9.00077 1.20199 0 12 10.2555 6.14544 1.2 2 11 12.2204 5.79309 1.2 
61 0.002 6 8.61111 170 1.5 0 0 11.9582 8.5086 1.2 2 6 12.7248 6.61969 1.2 1 7 12.2738 6.11857 1.2 1 13 10.6119 9.00077 1.20199 0 12 10.2555 6.14544 1.2 1 11 12.2204 5.79309 1.2 
62 0.002 6 8.61111 170 1.5 0 0 11.9582 8.5086 1.2 1 6 12.7248 6.61969 1.2 0 7 12.2738 6.11857 1.2 1 13 10.6119 9.00077 1.20199 1 12 10.2555 6.14544 1.2 1 11 12.2204 5.79309 1.2 
63 0.002 6 8.61111 170 1.5 0 0 11.9582 8.5086 1.2 1 6 12.7248 6.61969 1.2 1 7 12.2738 6.11857 1.2 1 13 10.6119 9.00077 1.20199 0 12 10.2555 6.14544 1.2 1 11 12.2204 5.79309 1.2 
64 0.002 6 8.61111 170 1.5 1 0 11.9582 8.5086 1.2 1 6 12.7248 6.61969 1.2 2 7 12.2738 6.11857 1.2 1 13 10.6119 9.00077 1.20199 0 12 10.2555 6.14544 1.2 1 11 12.2204 5.79309 1.2 
65 0.002 6 8.61111 170 1.5 1 0 11.9582 8.5086 1.2 2 6 12.7248 6.61969 1.2 1 7 12.2738 6.11857 1.2 1 13 10.6119 9.00077 1.20199 0 12 10.2555 6.14544 1.2 1 11 12.2204 5.79309 1.2 
66 0.002 6 8.61111 170 1.5 0 0 11.9582 8.5086 1.2 1 6 12.7248 6.61969 1.2 1 7 12.2738 6.11857 1.2 1 13 10.6119 9.00077 1.20199 0 12 10.2555 6.14544 1.2 1 11 12.2204 5.79309 1.2 
67 0.002 6 8.61111 170 1.5 0 0 11.9582 8.5086 1.2 1 6 12.7248 6.61969 1.2 1 7 12.2738 6.11857 1.2 1 13 10.6119 9.00077 1.20199 0 12 10.2555 6.14544 1.2 1 11 12.2204 5.79309 1.2 
68 0.002 6 8.61111 170 1.5 0 0 11.9582 8.5086 1.2 1 6 12.7248 6.61969 1.2 1 7 12.2738 6.11857 1.2 1 13 10.6119 9.00077 1.20199 0 12 10.2555 6.14544 1.2 1 11 12.2204 5.79309 1.2 
69 0.002 6 8.61111 170 1.5 0 0 11.9582 8.5086 1.2 1 6 12.7248 6.61969 1.2 1 7 12.2738 6.11857 1.2 1 13 10.6119 9.00077 1.20199 0 12 10.2555 6.14544 1.2 1 11 12.2204 5.79309 1.2 
70 0.002 6 8.61111 170 1.5 0 0 11.9582 8.5086 1.2 2 6 12.7248 6.61969 1.2 0 7 12.2738 6.11857 1.2 1 13 10.6119 9.00077 1.20199 0 12 10.2555 6.14544 1.2 1 11 12.2204 5.79309 1.2 
71 0.002 6 8.61111 170 1.5 0 0 11.9582 8.5086 1.2 1 6 12.7248 6.61969 1.2 1 7 12.2738 6.11857 1.2 1 13 10.6119 9.00077 1.20199 1 12 10.2555 6.14544 1.2 1 11 12.2204 5.79309 1.2 
72 0.002 6 8.61111 170 1.5 0 0 11.9582 8.5086 1.2 0 6 12.7248 6.61969 1.2 1 7 12.2738 6.11857 1.2 1 13 10.6119 9.00077 1.20199 2 12 10.2555 6.14544 1.2 1 11 12.2204 5.79309 1.2 
73 0.002 6 8.61111 170 1.5 0 0 11.9582 8.5086 1.2 1 6 12.7248 6.61969 1.2 1 7 12.2738 6.11857 1.2 2 13 10.6119 9.00077 1.20199 0 12 10.2555 6.14544 1.2 0 11 12.2204 5.79309 1.2 
74 0.002 6 8.61111 170 1.5 0 0 11.9582 8.5086 1.2 1 6 12.7248 6.61969 1.2 1 7 12.2738 6.11857 1.2 1 13 10.6119 9.00077 1.20199 0 12 10.2555 6.14544 1.2 1 11 12.2204 5.79309 1.2 
75 0.002 6 8.61111 170 1.5 2 0 11.9582 8.5086 1.2 1 6 12.7248 6.61969 1.2 1 7 12.2738 6.11857 1.2 0 13 10.6119 9.00077 1.20199 0 12 10.2555 6.14544 1.2 0 11 12.2204 5.79309 1.2 
76 0.002 6 8.61111 170 1.5 0 0 11.9582 8.5086 1.2 1 6 12.7248 6.61969 1.2 1 7 12.2738 6.11857 1.2 1 13 10.6119 9.00077 1.20199 0 12 10.2555 6.14544 1.2 1 11 12.2204 5.79309 1.2 
77 0.002 6 8.61111 170 1.5 0 0 11.9582 8.5086 1.2 1 6 12.7248 6.61969 1.2 1 7 12.2738 6.11857 1.2 1 13 10.6119 9.00077 1.20199 0 12 10.2555 6.14544 1.2 1 11 12.2204 5.79309 1.2 
78 0.002 6 8.61111 170 1.5 0 0 11.9582 8.5086 1.2 1 6 12.7248 6.61969 1.2 0 7 12.2738 6.11857 1.2 1 13 10.6119 9.00077 1.20199 0 12 10.2555 6.14544 1.2 0 11 12.2204 5.79309 1.2 
79 0.002 6 8.61111 170 1.5 2 0 11.9582 8.5086 1.2 1 6 12.7248 6.61969 1.2 1 7 12.2738 6.11857 1.2 2 13 10.6119 9.00077 1.20199 0 12 10.2555 6.14544 1.2 1 11 12.2204 5.79309 1.2 
80 0.002 6 8.61111 170 1.5 0 0 11.9582 8.5086 1.2 1 6 12.7248 6.61969 1.2 1 7 12.2738 6.11857 1.2 1 13 10.6119 9.00077 1.20199 0 12 10.2555 6.14544 1.2 1 11 12.2204 5.79309 1.2 
81 0.002 6 8.61111 170 1.5 0 0 11.9582 8.5086 1.2 1 6 12.7248 6.61969 1.2 1 7 12.2738 6.11857 1.2 1 13 10.6119 9.00077 1.20199 0 12 10.2555 6.14544 1.2 1 11 12.2204 5.79309 1.2 
82 0.002 6 8.61111 170 1.5 0 0 11.9582 8.5086 1.2 1 6 12.7248 6.61969 1.2 0 7 12.2738 6.11857 1.2 1 13 10.6119 9.00077 1.20199 1 12 10.2555 6.14544 1.2 1 11 12.2204 5.79309 1.2 
83 0.002 6 8.61111 170 1.5 0 0 11.9582 8.5086 1.2 1 6 12.7248 6.61969 1.2 1 7 12.2738 6.11857 1.2 1 13 10.6119 9.00077 1.20199 0 12 10.2555 6.14544 1.2 0 11 12.2204 5.79309 1.2 
84 0.002 6 8.61111 170 1.5 0 0 11.9582 8.5086 1.2 1 6 12.7248 6.61969 1.2 1 7 12.2738 6.11857 1.2 0 13 10.6119 9.00077 1.20199 0 12 10.2555 6.14544 1.2 0 11 12.2204 5.79309 1.2 
85 0.002 6 8.61111 170 1.5 0 0 11.9582 8.5086 1.2 1 6 12.7248 6.61969 1.2 1 7 12.2738 6.11857 1.2 0 13 10.6119 9.00077 1.20199 0 12 10.2555 6.14544 1.2 1 11 12.2204 5.79309 1.2 
86 0.002 6 8.61111 170 1.5 0 0 11.9582 8.5086 1.2 1 6 12.7248 6.61969 1.2 1 7 12.2738 6.11857 1.2 1 13 10.6119 9.00077 1.20199 0 12 10.2555 6.14544 1.2 1 11 12.2204 5.79309 1.2 
87 0.002 6 8.61111 170 1.5 0 0 11.9582 8.5086 1.2 1 6 12.7248 6.61969 1.2 0 7 12.2738 6.11857 1.2 2 13 10.6119 9.00077 1.20199 0 12 10.2555 6.14544 1.2 1 11 12.2204 5.79309 1.2 
88 0.002 6 8.61111 170 1.5 1 0 11.9582 8.5086 1.2 1 6 12.7248 6.61969 1.2 2 7 12.2738 6.11857 1.2 1 13 10.6119 9.00077 1.20199 2 12 10.2555 6.14544 1.2 1 11 12.2204 5.79309 1.2 
89 0.002 6 8.61111 170 1.5 2 0 11.9582 8.5086 1.2 1 6 12.7248 6.61969 1.2 2 7 12.2738 6.11857 1.2 2 13 10.6119 9.00077 1.20199 2 12 10.2555 6.14544 1.2 1 11 12.2204 5.79309 1.2 
90 0.002 6 8.61111 170 1.5 0 0 11.9582 8.5086 1.2 1 6 12.7248 6.61969 1.2 0 7 12.2738 6.11857 1.2 1 13 10.6119 9.00077 1.20199 0 12 10.2555 6.14544 1.2 1 11 12.2204 5.79309 1.2 
91 0.002 6 8.61111 170 1.5 0 0 11.9582 8.5086 1.2 1 6 12.7248 6.61969 1.2 1 7 12.2738 6.11857 1.2 1 13 10.6119 9.00077 1.20199 0 12 10.2555 6.14544 1.2 1 11 12.2204 5.79309 1.2 
92 0.002 6 8.61111 170 1.5 0 0 11.9582 8.5086 1.2 2 6 12.7248 6.61969 1.2 0 7 12.2738 6.11857 1.2 2 13 10.6119 9.00077 1.20199 0 12 10.2555 6.14544 1.2 1 11 12.2204 5.79309 1.2 
93 0.002 6 8.61111 170 1.5 0 0 11.9582 8.5086 1.2 1 6 12.7248 6.61969 1.2 1 7 12.2738 6.11857 1.2 1 13 10.6119 9.00077 1.20199 0 12 10.2555 6.14544 1.2 0 11 12.2204 5.79309 1.2 
94 0.002 6 8.61111 170 1.5 0 0 11.9582 8.5086 1.2 0 6 12.7248 6.61969 1.2 1 7 12.2738 6.11857 1.2 1 13 10.6119 9.00077 1.20199 2 12 10.2555 6.14544 1.2 0 11 12.2204 5.79309 1.2 
95 0.002 6 8.61111 170 1.5 1 0 11.9582 8.5086 1.2 1 6 12.7248 6.61969 1.2 1 7 12.2738 6.11857 1.2 2 13 10.6119 9.00077 1.20199 0 12 10.2555 6.14544 1.2 1 11 12.2204 5.79309 1.2 
96 0.002 6 8.61111 170 1.5 0 0 11.9582 8.5086 1.2 1 6 12.7248 6.61969 1.2 2 7 12.2738 6.11857 1.2 1 13 10.6119 9.00077 1.20199 0 12 10.2555 6.14544 1.2 1 11 12.2204 5.79309 1.2 
97 0.002 6 8.61111 170 1.5 0 0 11.9582 8.5086 1.2 1 6 12.7248 6.61969 1.2 0 7 12.2738 6.11857 1.2 1 13 10.6119 9.00077 1.20199 0 12 10.2555 6.14544 1.2 1 11 12.2204 5.79309 1.2 
98 0.002 6 8.61111 170 1.5 0 0 11.9582 8.5086 1.2 1 6 12.7248 6.61969 1.2 0 7 12.2738 6.11857 1.2 2 13 10.6119 9.00077 1.20199 0 12 10.2555 6.14544 1.2 1 11 12.2204 5.79309 1.2 
99 0.002 6 8.61111 170 1.5 0 0 11.9582 8.5086 1.2 1 6 12.7248 6.61969 1.2 1 7 12.2738 6.11857 1.2 1 13 10.6119 9.00077 1.20199 2 12 10.2555 6.14544 1.2 1 11 12.2204 5.79309 1.2 
100 0.002 6 8.61111 170 1.5 0 0 11.9582 8.5086 1.2 1 6 12.7248 6.61969 1.2 1 7 12.2738 6.11857 1.2 1 13 10.6119 9.00077 1.20199 0 12 10.2555 6.14544 1.2 1 11 12.2204 5.79309 1.2 
101 0.002 6 8.61111 170 1.5 0 0 11.9582 8.5086 1.2 0 6 12.7248 6.61969 1.2 1 7 12.2738 6.11857 1.2 2 13 10.6119 9.00077 1.20199 1 12 10.2555 6.14544 1.2 1 11 12.2204 5.79309 1.2 
102 0.002 6 8.61111 170 1.5 0 0 11.9582 8.5086 1.2 1 6 12.7248 6.61969 1.2 1 7 12.2738 6.11857 1.2 2 13 10.6119 9.00077 1.20199 0 12 10.2555 6.14544 1.2 1 11 12.2204 5.79309 1.2 
103 0.002 6 8.61111 170 1.5 0 0 11.9582 8.5086 1.2 1 6 12.7248 6.61969 1.2 1 7 12.2738 6.11857 1.2 2 13 10.6119 9.00077 1.20199 0 12 10.2555 6.14544 1.2 1 11 12.2204 5.79309 1.2 
104 0.002 6 8.61111 170 1.5 0 0 11.9582 8.5086 1.2 1 6 12.7248 6.61969 1.2 0 7 12.2738 6.11857 1.2 1 13 10.6119 9.00077 1.20199 0 12 10.2555 6.14544 1.2 1 11 12.2204 5.79309 1.2 
105 0.002 6 8.61111 170 1.5 0 0 11.9582 8.5086 1.2 1 6 12.7248 6.61969 1.2 1 7 12.2738 6.11857 1.2 1 13 10.6119 9.00077 1.20199 1 12 10.2555 6.14544 1.2 0 11 12.2204 5.79309 1.2 
106 0.002 6 8.61111 170 1.5 0 0 11.9582 8.5086 1.2 1 6 12.7248 6.61969 1.2 0 7 12.2738 6.11857 1.2 1 13 10.6119 9.00077 1.20199 0 12 10.2555 6.14544 1.2 1 11 12.2204 5.79309 1.2 
107 0.002 6 8.61111 170 1.5 0 0 11.9582 8.5086 1.2 1 6 12.7248 6.61969 1.2 1 7 12.2738 6.11857 1.2 1 13 10.6119 9.00077 1.20199 0 12 10.2555 6.14544 1.2 1 11 12.2204 5.79309 1.2 
108 0.002 6 8.61111 170 1.5 0 0 11.9582 8.5086 1.2 1 6 12.7248 6.61969 1.2 1 7 12.2738 6.11857 1.2 2 13 10.6119 9.00077 1.20199 0 12 10.2555 6.14544 1.2 1 11 12.2204 5.79309 1.2 
109 0.002 6 8.61111 170 1.5 0 0 11.9582 8.5086 1.2 1 6 12.7248 6.61969 1.2 0 7 12.2738 6.11857 1.2 1 13 10.6119 9.00077 1.20199 0 12 10.2555 6.14544 1.2 1 11 12.2204 5.79309 1.2 
110 0.002 6 8.61111 170 1.5 0 0 11.9582 8.5086 1.2 1 6 12.7248 6.61969 1.2 1 7 12.2738 6.11857 1.2 0 13 10.6119 9.00077 1.20199 0 12 10.2555 6.14544 1.2 1 11 12.2204 5.79309 1.2 
111 0.002 6 8.61111 170 1.5 0 0 11.9582 8.5086 1.2 1 6 12.7248 6.61969 1.2 1 7 12.2738 6.11857 1.2 2 13 10.6119 9.00077 1.20199 0 12 10.2555 6.14544 1.2 0 11 12.2204 5.79309 1.2 
112 0.002 6 8.61111 170 1.5 0 0 11.9582 8.5086 1.2 1 6 12.7248 6.61969 1.2 0 7 12.2738 6.11857 1.2 2 13 10.6119 9.00077 1.20199 0 12 10.2555 6.14544 1.2 1 11 12.2204 5.79309 1.2 
113 0.002 6 8.61111 170 1.5 0 0 11.9582 8.5086 1.2 1 6 12.7248 6.61969 1.2 0 7 12.2738 6.11857 1.2 1 13 10.6119 9.00077 1.20199 0 12 10.2555 6.14544 1.2 1 11 12.2204 5.79309 1.2 
114 0.002 6 8.61111 170 1.5 0 0 11.9582 8.5086 1.2 1 6 12.7248 6.61969 1.2 1 7 12.2738 6.11857 1.2 0 13 10.6119 9.00077 1.20199 0 12 10.2555 6.14544 1.2 1 11 12.2204 5.79309 1.2 
115 0.002 6 8.61111 170 1.5 2 0 11.9582 8.5086 1.2 1 6 12.7248 6.61969 1.2 1 7 12.2738 6.11857 1.2 1 13 10.6119 9.00077 1.20199 0 12 10.2555 6.14544 1.2 1 11 12.2204 5.79309 1.2 
116 0.002 6 8.61111 170 1.5 0 0 11.9582 8.5086 1.2 1 6 12.7248 6.61969 1.2 1 7 12.2738 6.11857 1.2 1 13 10.6119 9.00077 1.20199 0 12 10.2555 6.14544 1.2 1 11 12.2204 5.79309 1.2 
117 0.002 6 8.61111 170 1.5 0 0 11.9582 8.5086 1.2 1 6 12.7248 6.61969 1.2 0 7 12.2738 6.11857 1.2 1 13 10.6119 9.00077 1.20199 0 12 10.2555 6.14544 1.2 1 11 12.2204 5.79309 1.2 
118 0.002 6 8.61111 170 1.5 0 0 11.9582 8.5086 1.2 1 6 12.7248 6.61969 1.2 1 7 12.2738 6.11857 1.2 2 13 10.6119 9.00077 1.20199 0 12 10.2555 6.14544 1.2 1 11 12.2204 5.79309 1.2 
119 0.002 6 8.61111 170 1.5 0 0 11.9582 8.5086 1.2 0 6 12.7248 6.61969 1.2 0 7 12.2738 6.11857 1.2 1 13 10.6119 9.00077 1.20199 0 12 10.2555 6.14544 1.2 1 11 12.2204 5.79309 1.2 
120 0.002 6 8.61111 170 1.5 0 0 11.9582 8.5086 1.2 1 6 12.7248 6.61969 1.2 1 7 12.2738 6.11857 1.2 1 13 10.6119 9.00077 1.20199 0 12 10.2555 6.14544 1.2 0 11 12.2204 5.79309 1.2 
121 0.002 6 8.61111 170 1.5 0 0 11.9582 8.5086 1.2 1 6 12.7248 6.61969 1.2 0 7 12.2738 6.11857 1.2 1 13 10.6119 9.00077 1.20199 1 12 10.2555 6.14544 1.2 1 11 12.2204 5.79309 1.2 
122 0.002 6 8.61111 170 1.5 0 0 11.9582 8.5086 1.2 1 6 12.7248 6.61969 1.2 1 7 12.2738 6.11857 1.2 1 13 10.6119 9.00077 1.20199 0 12 10.2555 6.14544 1.2 1 11 12.2204 5.79309 1.2 
123 0.002 6 8.61111 170 1.5 0 0 11.9582 8.5086 1.2 1 6 12.7248 6.61969 1.2 1 7 12.2738 6.11857 1.2 1 13 10.6119 9.00077 1.20199 0 12 10.2555 6.14544 1.2 1 11 12.2204 5.79309 1.2 
124 0.002 6 8.61111 170 1.5 0 0 11.9582 8.5086 1.2 1 6 12.7248 6.61969 1.2 0 7 12.2738 6.11857 1.2 1 13 10.6119 9.00077 1.20199 0 12 10.2555 6.14544 1.2 1 11 12.2204 5.79309 1.2 
125 0.002 6 8.61111 170 1.5 2 0 11.9582 8.5086 1.2 1 6 12.7248 6.61969 1.2 0 7 12.2738 6.11857 1.2 1 13 10.6119 9.00077 1.20199 0 12 10.2555 6.14544 1.2 0 11 12.2204 5.79309 1.2 
126 0.002 6 8.61111 170 1.5 0 0 11.9582 8.5086 1.2 0 6 12.7248 6.61969 1.2 0 7 12.2738 6.11857 1.2 1 13 10.6119 9.00077 1.20199 0 12 10.2555 6.14544 1.2 2 11 12.2204 5.79309 1.2 
127 0.002 6 8.61111 170 1.5 0 0 11.9582 8.5086 1.2 1 6 12.7248 6.61969 1.2 0 7 12.2738 6.11857 1.2 1 13 10.6119 9.00077 1.20199 1 12 10.2555 6.14544 1.2 0 11 12.2204 5.79309 1.2 
128 0.002 6 8.61111 170 1.5 0 0 11.9582 8.5086 1.2 1 6 12.7248 6.61969 1.2 0 7 12.2738 6.11857 1.2 1 13 10.6119 9.00077 1.20199 0 12 10.2555 6.14544 1.2 1 11 12.2204 5.79309 1.2 
129 0.002 6 8.61111 170 1.5 1 0 11.9582 8.5086 1.2 1 6 12.7248 6.61969 1.2 1 7 12.2738 6.11857 1.2 1 13 10.6119 9.00077 1.20199 0 12 10.2555 6.14544 1.2 1 11 12.2204 5.79309 1.2 
130 0.002 6 8.61111 170 1.5 0 0 11.9582 8.5086 1.2 1 6 12.7248 6.61969 1.2 1 7 12.2738 6.11857 1.2 2 13 10.6119 9.00077 1.20199 0 12 10.2555 6.14544 1.2 1 11 12.2204 5.79309 1.2 
131 0.002 6 8.61111 170 1.5 0 0 11.9582 8.5086 1.2 1 6 12.7248 6.61969 1.2 2 7 12.2738 6.11857 1.2 1 13 10.6119 9.00077 1.20199 0 12 10.2555 6.14544 1.2 1 11 12.2204 5.79309 1.2 
132 0.002 6 8.61111 170 1.5 0 0 11.9582 8.5086 1.2 1 6 12.7248 6.61969 1.2 1 7 12.2738 6.11857 1.2 2 13 10.6119 9.00077 1.20199 0 12 10.2555 6.14544 1.2 0 11 12.2204 5.79309 1.2 
133 0.002 6 8.61111 170 1.5 0 0 11.9582 8.5086 1.2 1 6 12.7248 6.61969 1.2 1 7 12.2738 6.11857 1.2 1 13 10.6119 9.00077 1.20199 0 12 10.2555 6.14544 1.2 1 11 12.2204 5.79309 1.2 
134 0.002 6 8.61111 170 1.5 0 0 11.9582 8.5086 1.2 1 6 12.7248 6.61969 1.2 0 7 12.2738 6.11857 1.2 1 13 10.6119 9.00077 1.20199 0 12 10.2555 6.14544 1.2 1 11 12.2204 5.79309 1.2 
135 0.002 6 8.61111 170 1.5 0 0 11.9582 8.5086 1.2 1 6 12.7248 6.61969 1.2 2 7 12.2738 6.11857 1.2 0 13 10.6119 9.00077 1.20199 2 12 10.2555 6.14544 1.2 0 11 12.2204 5.79309 1.2 
136 0.002 6 8.61111 170 1.5 0 0 11.9582 8.5086 1.2 1 6 12.7248 6.61969 1.2 0 7 12.2738 6.11857 1.2 1 13 10.6119 9.00077 1.20199 1 12 10.2555 6.14544 1.2 1 11 12.2204 5.79309 1.2 
137 0.002 6 8.61111 170 1.5 0 0 11.9582 8.5086 1.2 1 6 12.7248 6.61969 1.2 0 7 12.2738 6.11857 1.2 1 13 10.6119 9.00077 1.20199 1 12 10.2555 6.14544 1.2 1 11 12.2204 5.79309 1.2 
138 0.002 6 8.61111 170 1.5 1 0 11.9582 8.5086 1.2 2 6 12.7248 6.61969 1.2 1 7 12.2738 6.11857 1.2 0 13 10.6119 9.00077 1.20199 0 12 10.2555 6.14544 1.2 1 11 12.2204 5.79309 1.2 
139 0.002 6 8.61111 170 1.5 0 0 11.9582 8.5086 1.2 1 6 12.7248 6.61969 1.2 1 7 12.2738 6.11857 1.2 1 13 10.6119 9.00077 1.20199 0 12 10.2555 6.14544 1.2 1 11 12.2204 5.79309 1.2 
140 0.002 6 8.61111 170 1.5 1 0 11.9582 8.5086 1.2 1 6 12.7248 6.61969 1.2 1 7 12.2738 6.11857 1.2 0 13 10.6119 9.00077 1.20199 0 12 10.2555 6.14544 1.2 1 11 12.2204 5.79309 1.2 
141 0.002 6 8.61111 170 1.5 0 0 11.9582 8.5086 1.2 1 6 12.7248 6.61969 1.2 1 7 12.2738 6.11857 1.2 1 13 10.6119 9.00077 1.20199 0 12 10.2555 6.14544 1.2 1 11 12.2204 5.79309 1.2 
142 0.002 6 8.61111 170 1.5 0 0 11.9582 8.5086 1.2 0 6 12.7248 6.61969 1.2 0 7 12.2738 6.11857 1.2 0 13 10.6119 9.00077 1.20199 1 12 10.2555 6.14544 1.2 1 11 12.2204 5.79309 1.2 
143 0.002 6 8.61111 170 1.5 0 0 11.9582 8.5086 1.2 1 6 12.7248 6.61969 1.2 1 7 12.2738 6.11857 1.2 1 13 10.6119 9.00077 1.20199 0 12 10.2555 6.14544 1.2 1 11 12.2204 5.79309 1.2 
144 0.002 6 8.61111 170 1.5 0 0 11.9582 8.5086 1.2 1 6 12.7248 6.61969 1.2 1 7 12.2738 6.11857 1.2 0 13 10.6119 9.00077 1.20199 0 12 10.2555 6.14544 1.2 1 11 12.2204 5.79309 1.2 
145 0.002 6 8.61111 170 1.5 0 0 11.9582 8.5086 1.2 1 6 12.7248 6.61969 1.2 1 7 12.2738 6.11857 1.2 0 13 10.6119 9.00077 1.20199 0 12 10.2555 6.14544 1.2 1 11 12.2204 5.79309 1.2 
146 0.002 6 8.61111 170 1.5 0 0 11.9582 8.5086 1.2 1 6 12.7248 6.61969 1.2 1 7 12.2738 6.11857 1.2 1 13 10.6119 9.00077 1.20199 0 12 10.2555 6.14544 1.2 1 11 12.2204 5.79309 1.2 
147 0.002 6 8.61111 170 1.5 0 0 11.9582 8.5086 1.2 1 6 12.7248 6.61969 1.2 1 7 12.2738 6.11857 1.2 0 13 10.6119 9.00077 1.20199 0 12 10.2555 6.14544 1.2 1 11 12.2204 5.79309 1.2 
148 0.002 6 8.61111 170 1.5 0 0 11.9582 8.5086 1.2 1 6 12.7248 6.61969 1.2 1 7 12.2738 6.11857 1.2 1 13 10.6119 9.00077 1.20199 0 12 10.2555 6.14544 1.2 1 11 12.2204 5.79309 1.2 
149 0.002 6 8.61111 170 1.5 0 0 11.9582 8.5086 1.2 1 6 12.7248 6.61969 1.2 0 7 12.2738 6.11857 1.2 1 13 10.6119 9.00077 1.20199 0 12 10.2555 6.14544 1.2 1 11 12.2204 5.79309 1.2 
150 0.002 6 8.61111 170 1.5 0 0 11.9582 8.5086 1.2 1 6 12.7248 6.61969 1.2 2 7 12.2738 6.11857 1.2 2 13 10.6119 9.00077 1.20199 0 12 10.2555 6.14544 1.2 1 11 12.2204 5.79309 1.2 
151 0.002 6 8.61111 170 1.5 0 0 11.9582 8.5086 1.2 1 6 12.7248 6.61969 1.2 1 7 12.2738 6.11857 1.2 1 13 10.6119 9.00077 1.20199 0 12 10.2555 6.14544 1.2 1 11 12.2204 5.79309 1.2 
152 0.002 6 8.61111 170 1.5 0 0 11.9582 8.5086 1.2 1 6 12.7248 6.61969 1.2 0 7 12.2738 6.11857 1.2 2 13 10.6119 9.00077 1.20199 0 12 10.2555 6.14544 1.2 1 11 12.2204 5.79309 1.2 
153 0.002 6 8.61111 170 1.5 0 0 11.9582 8.5086 1.2 1 6 12.7248 6.61969 1.2 2 7 12.2738 6.11857 1.2 2 13 10.6119 9.00077 1.20199 2 12 10.2555 6.14544 1.2 1 11 12.2204 5.79309 1.2 
154 0.002 6 8.61111 170 1.5 0 0 11.9582 8.5086 1.2 1 6 12.7248 6.61969 1.2 0 7 12.2738 6.11857 1.2 0 13 10.6119 9.00077 1.20199 0 12 10.2555 6.14544 1.2 1 11 12.2204 5.79309 1.2 
155 0.002 6 8.61111 170 1.5 0 0 11.9582 8.5086 1.2 1 6 12.7248 6.61969 1.2 0 7 12.2738 6.11857 1.2 2 13 10.6119 9.00077 1.20199 0 12 10.2555 6.14544 1.2 2 11 12.2204 5.79309 1.2 
156 0.002 6 8.61111 170 1.5 0 0 11.9582 8.5086 1.2 2 6 12.7248 6.61969 1.2 1 7 12.2738 6.11857 1.2 1 13 10.6119 9.00077 1.20199 0 12 10.2555 6.14544 1.2 1 11 12.2204 5.79309 1.2 
157 0.002 6 8.61111 170 1.5 0 0 11.9582 8.5086 1.2 1 6 12.7248 6.61969 1.2 1 7 12.2738 6.11857 1.2 0 13 10.6119 9.00077 1.20199 0 12 10.2555 6.14544 1.2 1 11 12.2204 5.79309 1.2 
158 0.002 6 8.61111 170 1.5 1 0 11.9582 8.5086 1.2 1 6 12.7248 6.61969 1.2 0 7 12.2738 6.11857 1.2 1 13 10.6119 9.00077 1.20199 0 12 10.2555 6.14544 1.2 2 11 12.2204 5.79309 1.2 
159 0.002 6 8.61111 170 1.5 0 0 11.9582 8.5086 1.2 0 6 12.7248 6.61969 1.2 1 7 12.2738 6.11857 1.2 1 13 10.6119 9.00077 1.20199 2 12 10.2555 6.14544 1.2 1 11 12.2204 5.79309 1.2 
160 0.002 6 8.61111 170 1.5 0 0 11.9582 8.5086 1.2 0 6 12.7248 6.61969 1.2 0 7 12.2738 6.11857 1.2 1 13 10.6119 9.00077 1.20199 0 12 10.2555 6.14544 1.2 1 11 12.2204 5.79309 1.2 
161 0.002 6 8.61111 170 1.5 0 0 11.9582 8.5086 1.2 1 6 12.7248 6.61969 1.2 0 7 12.2738 6.11857 1.2 1 13 10.6119 9.00077 1.20199 2 12 10.2555 6.14544 1.2 1 11 12.2204 5.79309 1.2 
162 0.002 6 8.61111 170 1.5 0 0 11.9582 8.5086 1.2 1 6 12.7248 6.61969 1.2 2 7 12.2738 6.11857 1.2 1 13 10.6119 9.00077 1.20199 0 12 10.2555 6.14544 1.2 1 11 12.2204 5.79309 1.2 
163 0.002 6 8.61111 170 1.5 0 0 11.9582 8.5086 1.2 1 6 12.7248 6.61969 1.2 1 7 12.2738 6.11857 1.2 2 13 10.6119 9.00077 1.20199 0 12 10.2555 6.14544 1.2 1 11 12.2204 5.79309 1.2 
164 0.002 6 8.61111 170 1.5 0 0 11.9582 8.5086 1.2 1 6 12.7248 6.61969 1.2 1 7 12.2738 6.11857 1.2 0 13 10.6119 9.00077 1.20199 0 12 10.2555 6.14544 1.2 1 11 12.2204 5.79309 1.2 
165 0.002 6 8.61111 170 1.5 1 0 11.9582 8.5086 1.2 1 6 12.7248 6.61969 1.2 1 7 12.2738 6.11857 1.2 1 13 10.6119 9.00077 1.20199 0 12 10.2555 6.14544 1.2 1 11 12.2204 5.79309 1.2 
166 0.002 6 8.61111 170 1.5 0 0 11.9582 8.5086 1.2 1 6 12.7248 6.61969 1.2 0 7 12.2738 6.11857 1.2 1 13 10.6119 9.00077 1.20199 2 12 10.2555 6.14544 1.2 1 11 12.2204 5.79309 1.2 
167 0.002 6 8.61111 170 1.5 0 0 11.9582 8.5086 1.2 0 6 12.7248 6.61969 1.2 1 7 12.2738 6.11857 1.2 2 13 10.6119 9.00077 1.20199 0 12 10.2555 6.14544 1.2 1 11 12.2204 5.79309 1.2 
168 0.002 6 8.61111 170 1.5 0 0 11.9582 8.5086 1.2 1 6 12.7248 6.61969 1.2 1 7 12.2738 6.11857 1.2 1 13 10.6119 9.00077 1.20199 0 12 10.2555 6.14544 1.2 0 11 12.2204 5.79309 1.2 
169 0.002 6 8.61111 170 1.5 0 0 11.9582 8.5086 1.2 1 6 12.7248 6.61969 1.2 1 7 12.2738 6.11857 1.2 1 13 10.6119 9.00077 1.20199 0 12 10.2555 6.14544 1.2 1 11 12.2204 5.79309 1.2 
170 0.002 6 8.61111 170 1.5 0 0 11.9582 8.5086 1.2 1 6 12.7248 6.61969 1.2 0 7 12.2738 6.11857 1.2 0 13 10.6119 9.00077 1.20199 0 12 10.2555 6.14544 1.2 1 11 12.2204 5.79309 1.2 
171 0.002 6 8.61111 170 1.5 0 0 11.9582 8.5086 1.2 1 6 12.7248 6.61969 1.2 2 7 12.2738 6.11857 1.2 1 13 10.6119 9.00077 1.20199 0 12 10.2555 6.14544 1.2 1 11 12.2204 5.79309 1.2 
172 0.002 6 8.61111 170 1.5 0 0 11.9582 8.5086 1.2 1 6 12.7248 6.61969 1.2 1 7 12.2738 6.11857 1.2 1 13 10.6119 9.00077 1.20199 0 12 10.2555 6.14544 1.2 1 11 12.2204 5.79309 1.2 
173 0.002 6 8.61111 170 1.5 0 0 11.9582 8.5086 1.2 1 6 12.7248 6.61969 1.2 0 7 12.2738 6.11857 1.2 1 13 10.6119 9.00077 1.20199 0 12 10.2555 6.14544 1.2 1 11 12.2204 5.79309 1.2 
174 0.002 6 8.61111 170 1.5 0 0 11.9582 8.5086 1.2 1 6 12.7248 6.61969 1.2 0 7 12.2738 6.11857 1.2 1 13 10.6119 9.00077 1.20199 0 12 10.2555 6.14544 1.2 2 11 12.2204 5.79309 1.2 
175 0.002 6 8.61111 170 1.5 0 0 11.9582 8.5086 1.2 1 6 12.7248 6.61969 1.2 1 7 12.2738 6.11857 1.2 1 13 10.6119 9.00077 1.20199 0 12 10.2555 6.14544 1.2 1 11 12.2204 5.79309 1.2 
176 0.002 6 8.61111 170 1.5 0 0 11.9582 8.5086 1.2 1 6 12.7248 6.61969 1.2 0 7 12.2738 6.11857 1.2 1 13 10.6119 9.00077 1.20199 0 12 10.2555 6.14544 1.2 1 11 12.2204 5.79309 1.2 
177 0.002 6 8.61111 170 1.5 0 0 11.9582 8.5086 1.2 0 6 12.7248 6.61969 1.2 0 7 12.2738 6.11857 1.2 1 13 10.6119 9.00077 1.20199 0 12 10.2555 6.14544 1.2 1 11 12.2204 5.79309 1.2 
178 0.002 6 8.61111 170 1.5 0 0 11.9582 8.5086 1.2 1 6 12.7248 6.61969 1.2 1 7 12.2738 6.11857 1.2 1 13 10.6119 9.00077 1.20199 0 12 10.2555 6.14544 1.2 1 11 12.2204 5.79309 1.2 
179 0.002 6 8.61111 170 1.5 0 0 11.9582 8.5086 1.2 1 6 12.7248 6.61969 1.2 1 7 12.2738 6.11857 1.2 2 13 10.6119 9.00077 1.20199 1 12 10.2555 6.14544 1.2 1 11 12.2204 5.79309 1.2 
180 0.002 6 8.61111 170 1.5 0 0 11.9582 8.5086 1.2 1 6 12.7248 6.61969 1.2 1 7 12.2738 6.11857 1.2 0 13 10.6119 9.00077 1.20199 0 12 10.2555 6.14544 1.2 1 11 12.2204 5.79309 1.2 
181 0.002 6 8.61111 170 1.5 0 0 11.9582 8.5086 1.2 1 6 12.7248 6.61969 1.2 1 7 12.2738 6.11857 1.2 2 13 10.6119 9.00077 1.20199 0 12 10.2555 6.14544 1.2 1 11 12.2204 5.79309 1.2 
182 0.002 6 8.61111 170 1.5 0 0 11.9582 8.5086 1.2 1 6 12.7248 6.61969 1.2 1 7 12.2738 6.11857 1.2 1 13 10.6119 9.00077 1.20199 0 12 10.2555 6.14544 1.2 1 11 12.2204 5.79309 1.2 
183 0.002 6 8.61111 170 1.5 0 0 11.9582 8.5086 1.2 1 6 12.7248 6.61969 1.2 0 7 12.2738 6.11857 1.2 1 13 10.6119 9.00077 1.20199 0 12 10.2555 6.14544 1.2 1 11 12.2204 5.79309 1.2 
184 0.002 6 8.61111 170 1.5 0 0 11.9582 8.5086 1.2 1 6 12.7248 6.61969 1.2 0 7 12.2738 6.11857 1.2 1 13 10.6119 9.00077 1.20199 0 12 10.2555 6.14544 1.2 1 11 12.2204 5.79309 1.2 
185 0.002 6 8.61111 170 1.5 0 0 11.9582 8.5086 1.2 1 6 12.7248 6.61969 1.2 0 7 12.2738 6.11857 1.2 2 13 10.6119 9.00077 1.20199 0 12 10.2555 6.14544 1.2 0 11 12.2204 5.79309 1.2 
186 0.002 6 8.61111 170 1.5 0 0 11.9582 8.5086 1.2 1 6 12.7248 6.61969 1.2 1 7 12.2738 6.11857 1.2 1 13 10.6119 9.00077 1.20199 0 12 10.2555 6.14544 1.2 1 11 12.2204 5.79309 1.2 
187 0.002 6 8.61111 170 1.5 0 0 11.9582 8.5086 1.2 1 6 12.7248 6.61969 1.2 1 7 12.2738 6.11857 1.2 1 13 10.6119 9.00077 1.20199 0 12 10.2555 6.14544 1.2 1 11 12.2204 5.79309 1.2 
188 0.002 6 8.61111 170 1.5 0 0 11.9582 8.5086 1.2 1 6 12.7248 6.61969 1.2 0 7 12.2738 6.11857 1.2 1 13 10.6119 9.00077 1.20199 0 12 10.2555 6.14544 1.2 1 11 12.2204 5.79309 1.2 
189 0.002 6 8.61111 170 1.5 0 0 11.9582 8.5086 1.2 1 6 12.7248 6.61969 1.2 0 7 12.2738 6.11857 1.2 1 13 10.6119 9.00077 1.20199 0 12 10.2555 6.14544 1.2 1 11 12.2204 5.79309 1.2 
190 0.002 6 8.61111 170 1.5 1 0 11.9582 8.5086 1.2 1 6 12.7248 6.61969 1.2 2 7 12.2738 6.11857 1.2 1 13 10.6119 9.00077 1.20199 0 12 10.2555 6.14544 1.2 1 11 12.2204 5.79309 1.2 
191 0.002 6 8.61111 170 1.5 0 0 11.9582 8.5086 1.2 1 6 12.7248 6.61969 1.2 1 7 12.2738 6.11857 1.2 1 13 10.6119 9.00077 1.20199 0 12 10.2555 6.14544 1.2 1 11 12.2204 5.79309 1.2 
192 0.002 6 8.61111 170 1.5 0 0 11.9582 8.5086 1.2 1 6 12.7248 6.61969 1.2 1 7 12.2738 6.11857 1.2 1 13 10.6119 9.00077 1.20199 0 12 10.2555 6.14544 1.2 1 11 12.2204 5.79309 1.2 
193 0.002 6 8.61111 170 1.5 0 0 11.9582 8.5086 1.2 1 6 12.7248 6.61969 1.2 1 7 12.2738 6.11857 1.2 1 13 10.6119 9.00077 1.20199 0 12 10.2555 6.14544 1.2 1 11 12.2204 5.79309 1.2 
194 0.002 6 8.61111 170 1.5 0 0 11.9582 8.5086 1.2 1 6 12.7248 6.61969 1.2 2 7 12.2738 6.11857 1.2 1 13 10.6119 9.00077 1.20199 0 12 10.2555 6.14544 1.2 1 11 12.2204 5.79309 1.2 
195 0.002 6 8.61111 170 1.5 0 0 11.9582 8.5086 1.2 1 6 12.7248 6.61969 1.2 1 7 12.2738 6.11857 1.2 2 13 10.6119 9.00077 1.20199 0 12 10.2555 6.14544 1.2 1 11 12.2204 5.79309 1.2 
196 0.002 6 8.61111 170 1.5 0 0 11.9582 8.5086 1.2 1 6 12.7248 6.61969 1.2 0 7 12.2738 6.11857 1.2 1 13 10.6119 9.00077 1.20199 0 12 10.2555 6.14544 1.2 1 11 12.2204 5.79309 1.2 
197 0.002 6 8.61111 170 1.5 0 0 11.9582 8.5086 1.2 1 6 12.7248 6.61969 1.2 0 7 12.2738 6.11857 1.2 2 13 10.6119 9.00077 1.20199 0 12 10.2555 6.14544 1.2 1 11 12.2204 5.79309 1.2 
198 0.002 6 8.61111 170 1.5 0 0 11.9582 8.5086 1.2 1 6 12.7248 6.61969 1.2 1 7 12.2738 6.11857 1.2 1 13 10.6119 9.00077 1.20199 0 12 10.2555 6.14544 1.2 0 11 12.2204 5.79309 1.2 
199 0.002 6 8.61111 170 1.5 0 0 11.9582 8.5086 1.2 1 6 12.7248 6.61969 1.2 1 7 12.2738 6.11857 1.2 1 13 10.6119 9.00077 1.20199 0 12 10.2555 6.14544 1.2 1 11 12.2204 5.79309 1.2 
200 0.002 6 8.61111 170 1.5 0 0 11.9582 8.5086 1.2 2 6 12.7248 6.61969 1.2 2 7 12.2738 6.11857 1.2 1 13 10.6119 9.00077 1.20199 1 12 10.2555 6.14544 1.2 1 11 12.2204 5.79309 1.2 
201 0.002 6 8.61111 170 1.5 0 0 11.9582 8.5086 1.2 1 6 12.7248 6.61969 1.2 1 7 12.2738 6.11857 1.2 1 13 10.6119 9.00077 1.20199 0 12 10.2555 6.14544 1.2 1 11 12.2204 5.79309 1.2 
202 0.002 6 8.61111 170 1.5 0 0 11.9582 8.5086 1.2 1 6 12.7248 6.61969 1.2 1 7 12.2738 6.11857 1.2 2 13 10.6119 9.00077 1.20199 0 12 10.2555 6.14544 1.2 1 11 12.2204 5.79309 1.2 
203 0.002 6 8.61111 170 1.5 0 0 11.9582 8.5086 1.2 1 6 12.7248 6.61969 1.2 1 7 12.2738 6.11857 1.2 0 13 10.6119 9.00077 1.20199 0 12 10.2555 6.14544 1.2 1 11 12.2204 5.79309 1.2 
204 0.002 6 8.61111 170 1.5 0 0 11.9582 8.5086 1.2 0 6 12.7248 6.61969 1.2 0 7 12.2738 6.11857 1.2 0 13 10.6119 9.00077 1.20199 0 12 10.2555 6.14544 1.2 1 11 12.2204 5.79309 1.2 
205 0.002 6 8.61111 170 1.5 0 0 11.9582 8.5086 1.2 1 6 12.7248 6.61969 1.2 1 7 12.2738 6.11857 1.2 1 13 10.6119 9.00077 1.20199 0 12 10.2555 6.14544 1.2 1 11 12.2204 5.79309 1.2 
206 0.002 6 8.61111 170 1.5 2 0 11.9582 8.5086 1.2 1 6 12.7248 6.61969 1.2 0 7 12.2738 6.11857 1.2 1 13 10.6119 9.00077 1.20199 0 12 10.2555 6.14544 1.2 1 11 12.2204 5.79309 1.2 
207 0.002 6 8.61111 170 1.5 0 0 11.9582 8.5086 1.2 1 6 12.7248 6.61969 1.2 1 7 12.2738 6.11857 1.2 1 13 10.6119 9.00077 1.20199 0 12 10.2555 6.14544 1.2 0 11 12.2204 5.79309 1.2 
208 0.002 6 8.61111 170 1.5 0 0 11.9582 8.5086 1.2 1 6 12.7248 6.61969 1.2 1 7 12.2738 6.11857 1.2 1 13 10.6119 9.00077 1.20199 0 12 10.2555 6.14544 1.2 1 11 12.2204 5.79309 1.2 
209 0.002 6 8.61111 170 1.5 0 0 11.9582 8.5086 1.2 1 6 12.7248 6.61969 1.2 2 7 12.2738 6.11857 1.2 1 13 10.6119 9.00077 1.20199 0 12 10.2555 6.14544 1.2 1 11 12.2204 5.79309 1.2 
210 0.002 6 8.61111 170 1.5 0 0 11.9582 8.5086 1.2 1 6 12.7248 6.61969 1.2 1 7 12.2738 6.11857 1.2 1 13 10.6119 9.00077 1.20199 0 12 10.2555 6.14544 1.2 1 11 12.2204 5.79309 1.2 
211 0.002 6 8.61111 170 1.5 0 0 11.9582 8.5086 1.2 2 6 12.7248 6.61969 1.2 1 7 12.2738 6.11857 1.2 1 13 10.6119 9.00077 1.20199 1 12 10.2555 6.14544 1.2 1 11 12.2204 5.79309 1.2 
212 0.002 6 8.61111 170 1.5 0 0 11.9582 8.5086 1.2 1 6 12.7248 6.61969 1.2 0 7 12.2738 6.11857 1.2 2 13 10.6119 9.00077 1.20199 0 12 10.2555 6.14544 1.2 1 11 12.2204 5.79309 1.2 
213 0.002 6 8.61111 170 1.5 0 0 11.9582 8.5086 1.2 0 6 12.7248 6.61969 1.2 1 7 12.2738 6.11857 1.2 1 13 10.6119 9.00077 1.20199 0 12 10.2555 6.14544 1.2 1 11 12.2204 5.79309 1.2 
214 0.002 6 8.61111 170 1.5 0 0 11.9582 8.5086 1.2 1 6 12.7248 6.61969 1.2 0 7 12.2738 6.11857 1.2 1 13 10.6119 9.00077 1.20199 1 12 10.2555 6.14544 1.2 1 11 12.2204 5.79309 1.2 
215 0.002 6 8.61111 170 1.5 0 0 11.9582 8.5086 1.2 0 6 12.7248 6.61969 1.2 0 7 12.2738 6.11857 1.2 2 13 10.6119 9.00077 1.20199 0 12 10.2555 6.14544 1.2 1 11 12.2204 5.79309 1.2 
216 0.002 6 8.61111 170 1.5 0 0 11.9582 8.5086 1.2 1 6 12.7248 6.61969 1.2 1 7 12.2738 6.11857 1.2 0 13 10.6119 9.00077 1.20199 1 12 10.2555 6.14544 1.2 1 11 12.2204 5.79309 1.2 
217 0.002 6 8.61111 170 1.5 0 0 11.9582 8.5086 1.2 1 6 12.7248 6.61969 1.2 0 7 12.2738 6.11857 1.2 1 13 10.6119 9.00077 1.20199 2 12 10.2555 6.14544 1.2 0 11 12.2204 5.79309 1.2 
218 0.002 6 8.61111 170 1.5 0 0 11.9582 8.5086 1.2 1 6 12.7248 6.61969 1.2 0 7 12.2738 6.11857 1.2 1 13 10.6119 9.00077 1.20199 2 12 10.2555 6.14544 1.2 1 11 12.2204 5.79309 1.2 
219 0.002 6 8.61111 170 1.5 0 0 11.9582 8.5086 1.2 1 6 12.7248 6.61969 1.2 1 7 12.2738 6.11857 1.2 2 13 10.6119 9.00077 1.20199 0 12 10.2555 6.14544 1.2 1 11 12.2204 5.79309 1.2 
220 0.002 6 8.61111 170 1.5 0 0 11.9582 8.5086 1.2 1 6 12.7248 6.61969 1.2 1 7 12.2738 6.11857 1.2 2 13 10.6119 9.00077 1.20199 0 12 10.2555 6.14544 1.2 0 11 12.2204 5.79309 1.2 
221 0.002 6 8.61111 170 1.5 0 0 11.9582 8.5086 1.2 1 6 12.7248 6.61969 1.2 0 7 12.2738 6.11857 1.2 1 13 10.6119 9.00077 1.20199 0 12 10.2555 6.14544 1.2 1 11 12.2204 5.79309 1.2 
222 0.002 6 8.61111 170 1.5 0 0 11.9582 8.5086 1.2 2 6 12.7248 6.61969 1.2 1 7 12.2738 6.11857 1.2 1 13 10.6119 9.00077 1.20199 1 12 10.2555 6.14544 1.2 1 11 12.2204 5.79309 1.2 
223 0.002 6 8.61111 170 1.5 0 0 11.9582 8.5086 1.2 1 6 12.7248 6.61969 1.2 1 7 12.2738 6.11857 1.2 0 13 10.6119 9.00077 1.20199 0 12 10.2555 6.14544 1.2 0 11 12.2204 5.79309 1.2 
224 0.002 6 8.61111 170 1.5 0 0 11.9582 8.5086 1.2 1 6 12.7248 6.61969 1.2 2 7 12.2738 6.11857 1.2 2 13 10.6119 9.00077 1.20199 0 12 10.2555 6.14544 1.2 0 11 12.2204 5.79309 1.2 
225 0.002 6 8.61111 170 1.5 0 0 11.9582 8.5086 1.2 1 6 12.7248 6.61969 1.2 1 7 12.2738 6.11857 1.2 1 13 10.6119 9.00077 1.20199 0 12 10.2555 6.14544 1.2 1 11 12.2204 5.79309 1.2 
226 0.002 6 8.61111 170 1.5 0 0 11.9582 8.5086 1.2 0 6 12.7248 6.61969 1.2 0 7 12.2738 6.11857 1.2 2 13 10.6119 9.00077 1.20199 0 12 10.2555 6.14544 1.2 0 11 12.2204 5.79309 1.2 
227 0.002 6 8.61111 170 1.5 0 0 11.9582 8.5086 1.2 1 6 12.7248 6.61969 1.2 0 7 12.2738 6.11857 1.2 0 13 10.6119 9.00077 1.20199 0 12 10.2555 6.14544 1.2 1 11 12.2204 5.79309 1.2 
228 0.002 6 8.61111 170 1.5 0 0 11.9582 8.5086 1.2 1 6 12.7248 6.61969 1.2 0 7 12.2738 6.11857 1.2 0 13 10.6119 9.00077 1.20199 0 12 10.2555 6.14544 1.2 2 11 12.2204 5.79309 1.2 
229 0.002 6 8.61111 170 1.5 0 0 11.9582 8.5086 1.2 1 6 12.7248 6.61969 1.2 1 7 12.2738 6.11857 1.2 1 13 10.6119 9.00077 1.20199 0 12 10.2555 6.14544 1.2 0 11 12.2204 5.79309 1.2 
230 0.002 6 8.61111 170 1.5 1 0 11.9582 8.5086 1.2 1 6 12.7248 6.61969 1.2 0 7 12.2738 6.11857 1.2 1 13 10.6119 9.00077 1.20199 0 12 10.2555 6.14544 1.2 1 11 12.2204 5.79309 1.2 
231 0.002 6 8.61111 170 1.5 0 0 11.9582 8.5086 1.2 1 6 12.7248 6.61969 1.2 1 7 12.2738 6.11857 1.2 1 13 10.6119 9.00077 1.20199 0 12 10.2555 6.14544 1.2 1 11 12.2204 5.79309 1.2 
232 0.002 6 8.61111 170 1.5 0 0 11.9582 8.5086 1.2 1 6 12.7248 6.61969 1.2 1 7 12.2738 6.11857 1.2 2 13 10.6119 9.00077 1.20199 1 12 10.2555 6.14544 1.2 0 11 12.2204 5.79309 1.2 
233 0.002 6 8.61111 170 1.5 0 0 11.9582 8.5086 1.2 1 6 12.7248 6.61969 1.2 0 7 12.2738 6.11857 1.2 1 13 10.6119 9.00077 1.20199 0 12 10.2555 6.14544 1.2 1 11 12.2204 5.79309 1.2 
234 0.002 6 8.61111 170 1.5 2 0 11.9582 8.5086 1.2 1 6 12.7248 6.61969 1.2 0 7 12.2738 6.11857 1.2 2 13 10.6119 9.00077 1.20199 0 12 10.2555 6.14544 1.2 1 11 12.2204 5.79309 1.2 
235 0.002 6 8.61111 170 1.5 0 0 11.9582 8.5086 1.2 1 6 12.7248 6.61969 1.2 1 7 12.2738 6.11857 1.2 1 13 10.6119 9.00077 1.20199 2 12 10.2555 6.14544 1.2 1 11 12.2204 5.79309 1.2 
236 0.002 6 8.61111 170 1.5 1 0 11.9582 8.5086 1.2 1 6 12.7248 6.61969 1.2 2 7 12.2738 6.11857 1.2 1 13 10.6119 9.00077 1.20199 0 12 10.2555 6.14544 1.2 2 11 12.2204 5.79309 1.2 
237 0.002 6 8.61111 170 1.5 0 0 11.9582 8.5086 1.2 2 6 12.7248 6.61969 1.2 1 7 12.2738 6.11857 1.2 1 13 10.6119 9.00077 1.20199 0 12 10.2555 6.14544 1.2 0 11 12.2204 5.79309 1.2 
238 0.002 6 8.61111 170 1.5 0 0 11.9582 8.5086 1.2 1 6 12.7248 6.61969 1.2 1 7 12.2738 6.11857 1.2 1 13 10.6119 9.00077 1.20199 0 12 10.2555 6.14544 1.2 0 11 12.2204 5.79309 1.2 
239 0.002 6 8.61111 170 1.5 0 0 11.9582 8.5086 1.2 1 6 12.7248 6.61969 1.2 1 7 12.2738 6.11857 1.2 2 13 10.6119 9.00077 1.20199 0 12 10.2555 6.14544 1.2 1 11 12.2204 5.79309 1.2 
240 0.002 6 8.61111 170 1.5 0 0 11.9582 8.5086 1.2 1 6 12.7248 6.61969 1.2 1 7 12.2738 6.11857 1.2 0 13 10.6119 9.00077 1.20199 0 12 10.2555 6.14544 1.2 1 11 12.2204 5.79309 1.2 
241 0.002 6 8.61111 170 1.5 0 0 11.9582 8.5086 1.2 1 6 12.7248 6.61969 1.2 0 7 12.2738 6.11857 1.2 0 13 10.6119 9.00077 1.20199 0 12 10.2555 6.14544 1.2 1 11 12.2204 5.79309 1.2 
242 0.002 6 8.61111 170 1.5 0 0 11.9582 8.5086 1.2 1 6 12.7248 6.61969 1.2 0 7 12.2738 6.11857 1.2 1 13 10.6119 9.00077 1.20199 0 12 10.2555 6.14544 1.2 1 11 12.2204 5.79309 1.2 
243 0.002 6 8.61111 170 1.5 0 0 11.9582 8.5086 1.2 1 6 12.7248 6.61969 1.2 1 7 12.2738 6.11857 1.2 1 13 10.6119 9.00077 1.20199 0 12 10.2555 6.14544 1.2 1 11 12.2204 5.79309 1.2 
244 0.002 6 8.61111 170 1.5 0 0 11.9582 8.5086 1.2 1 6 12.7248 6.61969 1.2 1 7 12.2738 6.11857 1.2 1 13 10.6119 9.00077 1.20199 1 12 10.2555 6.14544 1.2 1 11 12.2204 5.79309 1.2 
245 0.002 6 8.61111 170 1.5 0 0 11.9582 8.5086 1.2 2 6 12.7248 6.61969 1.2 2 7 12.2738 6.11857 1.2 1 13 10.6119 9.00077 1.20199 0 12 10.2555 6.14544 1.2 1 11 12.2204 5.79309 1.2 
246 0.002 6 8.61111 170 1.5 0 0 11.9582 8.5086 1.2 1 6 12.7248 6.61969 1.2 0 7 12.2738 6.11857 1.2 1 13 10.6119 9.00077 1.20199 0 12 10.2555 6.14544 1.2 1 11 12.2204 5.79309 1.2 
247 0.002 6 8.61111 170 1.5 0 0 11.9582 8.5086 1.2 1 6 12.7248 6.61969 1.2 2 7 12.2738 6.11857 1.2 1 13 10.6119 9.00077 1.20199 0 12 10.2555 6.14544 1.2 0 11 12.2204 5.79309 1.2 
248 0.002 6 8.61111 170 1.5 0 0 11.9582 8.5086 1.2 1 6 12.7248 6.61969 1.2 1 7 12.2738 6.11857 1.2 1 13 10.6119 9.00077 1.20199 0 12 10.2555 6.14544 1.2 1 11 12.2204 5.79309 1.2 
249 0.002 6 8.61111 170 1.5 0 0 11.9582 8.5086 1.2 1 6 12.7248 6.61969 1.2 2 7 12.2738 6.11857 1.2 1 13 10.6119 9.00077 1.20199 0 12 10.2555 6.14544 1.2 0 11 12.2204 5.79309 1.2 
250 0.002 6 8.61111 170 1.5 0 0 11.9582 8.5086 1.2 1 6 12.7248 6.61969 1.2 0 7 12.2738 6.11857 1.2 0 13 10.6119 9.00077 1.20199 0 12 10.2555 6.14544 1.2 1 11 12.2204 5.79309 1.2 
251 0.002 6 8.61111 170 1.5 0 0 11.9582 8.5086 1.2 1 6 12.7248 6.61969 1.2 1 7 12.2738 6.11857 1.2 2 13 10.6119 9.00077 1.20199 0 12 10.2555 6.14544 1.2 1 11 12.2204 5.79309 1.2 
252 0.002 6 8.61111 170 1.5 0 0 11.9582 8.5086 1.2 1 6 12.7248 6.61969 1.2 1 7 12.2738 6.11857 1.2 2 13 10.6119 9.00077 1.20199 1 12 10.2555 6.14544 1.2 1 11 12.2204 5.79309 1.2 
253 0.002 6 8.61111 170 1.5 0 0 11.9582 8.5086 1.2 0 6 12.7248 6.61969 1.2 2 7 12.2738 6.11857 1.2 1 13 10.6119 9.00077 1.20199 0 12 10.2555 6.14544 1.2 1 11 12.2204 5.79309 1.2 
254 0.002 6 8.61111 170 1.5 0 0 11.9582 8.5086 1.2 1 6 12.7248 6.61969 1.2 1 7 12.2738 6.11857 1.2 0 13 10.6119 9.00077 1.20199 0 12 10.2555 6.14544 1.2 2 11 12.2204 5.79309 1.2 
255 0.002 6 8.61111 170 1.5 0 0 11.9582 8.5086 1.2 1 6 12.7248 6.61969 1.2 0 7 12.2738 6.11857 1.2 1 13 10.6119 9.00077 1.20199 0 12 10.2555 6.14544 1.2 1 11 12.2204 5.79309 1.2 
256 0.002 6 8.61111 170 1.5 0 0 11.9582 8.5086 1.2 1 6 12.7248 6.61969 1.2 0 7 12.2738 6.11857 1.2 1 13 10.6119 9.00077 1.20199 0 12 10.2555 6.14544 1.2 1 11 12.2204 5.79309 1.2 
257 0.002 6 8.61111 170 1.5 0 0 11.9582 8.5086 1.2 0 6 12.7248 6.61969 1.2 0 7 12.2738 6.11857 1.2 1 13 10.6119 9.00077 1.20199 0 12 10.2555 6.14544 1.2 0 11 12.2204 5.79309 1.2 
258 0.002 6 8.61111 170 1.5 0 0 11.9582 8.5086 1.2 1 6 12.7248 6.61969 1.2 1 7 12.2738 6.11857 1.2 2 13 10.6119 9.00077 1.20199 0 12 10.2555 6.14544 1.2 1 11 12.2204 5.79309 1.2 
259 0.002 6 8.61111 170 1.5 0 0 11.9582 8.5086 1.2 1 6 12.7248 6.61969 1.2 1 7 12.2738 6.11857 1.2 1 13 10.6119 9.00077 1.20199 0 12 10.2555 6.14544 1.2 0 11 12.2204 5.79309 1.2 
260 0.002 6 8.61111 170 1.5 0 0 11.9582 8.5086 1.2 1 6 12.7248 6.61969 1.2 1 7 12.2738 6.11857 1.2 1 13 10.6119 9.00077 1.20199 2 12 10.2555 6.14544 1.2 2 11 12.2204 5.79309 1.2 
261 0.002 6 8.61111 170 1.5 0 0 11.9582 8.5086 1.2 1 6 12.7248 6.61969 1.2 1 7 12.2738 6.11857 1.2 2 13 10.6119 9.00077 1.20199 0 12 10.2555 6.14544 1.2 1 11 12.2204 5.79309 1.2 
262 0.002 6 8.61111 170 1.5 1 0 11.9582 8.5086 1.2 1 6 12.7248 6.61969 1.2 2 7 12.2738 6.11857 1.2 2 13 10.6119 9.00077 1.20199 0 12 10.2555 6.14544 1.2 1 11 12.2204 5.79309 1.2 
263 0.002 6 8.61111 170 1.5 0 0 11.9582 8.5086 1.2 1 6 12.7248 6.61969 1.2 0 7 12.2738 6.11857 1.2 1 13 10.6119 9.00077 1.20199 0 12 10.2555 6.14544 1.2 1 11 12.2204 5.79309 1.2 
264 0.002 6 8.61111 170 1.5 0 0 11.9582 8.5086 1.2 2 6 12.7248 6.61969 1.2 0 7 12.2738 6.11857 1.2 0 13 10.6119 9.00077 1.20199 0 12 10.2555 6.14544 1.2 1 11 12.2204 5.79309 1.2 
265 0.002 6 8.61111 170 1.5 0 0 11.9582 8.5086 1.2 1 6 12.7248 6.61969 1.2 1 7 12.2738 6.11857 1.2 1 13 10.6119 9.00077 1.20199 0 12 10.2555 6.14544 1.2 1 11 12.2204 5.79309 1.2 
266 0.002 6 8.61111 170 1.5 0 0 11.9582 8.5086 1.2 1 6 12.7248 6.61969 1.2 0 7 12.2738 6.11857 1.2 1 13 10.6119 9.00077 1.20199 0 12 10.2555 6.14544 1.2 1 11 12.2204 5.79309 1.2 
267 0.002 6 8.61111 170 1.5 1 0 11.9582 8.5086 1.2 1 6 12.7248 6.61969 1.2 0 7 12.2738 6.11857 1.2 0 13 10.6119 9.00077 1.20199 0 12 10.2555 6.14544 1.2 0 11 12.2204 5.79309 1.2 
268 0.002 6 8.61111 170 1.5 0 0 11.9582 8.5086 1.2 1 6 12.7248 6.61969 1.2 1 7 12.2738 6.11857 1.2 1 13 10.6119 9.00077 1.20199 0 12 10.2555 6.14544 1.2 1 11 12.2204 5.79309 1.2 
269 0.002 6 8.61111 170 1.5 0 0 11.9582 8.5086 1.2 1 6 12.7248 6.61969 1.2 0 7 12.2738 6.11857 1.2 1 13 10.6119 9.00077 1.20199 2 12 10.2555 6.14544 1.2 2 11 12.2204 5.79309 1.2 
270 0.002 6 8.61111 170 1.5 2 0 11.9582 8.5086 1.2 1 6 12.7248 6.61969 1.2 1 7 12.2738 6.11857 1.2 1 13 10.6119 9.00077 1.20199 0 12 10.2555 6.14544 1.2 1 11 12.2204 5.79309 1.2 
271 0.002 6 8.61111 170 1.5 0 0 11.9582 8.5086 1.2 0 6 12.7248 6.61969 1.2 1 7 12.2738 6.11857 1.2 1 13 10.6119 9.00077 1.20199 0 12 10.2555 6.14544 1.2 1 11 12.2204 5.79309 1.2 
272 0.002 6 8.61111 170 1.5 0 0 11.9582 8.5086 1.2 1 6 12.7248 6.61969 1.2 0 7 12.2738 6.11857 1.2 0 13 10.6119 9.00077 1.20199 0 12 10.2555 6.14544 1.2 0 11 12.2204 5.79309 1.2 
273 0.002 6 8.61111 170 1.5 0 0 11.9582 8.5086 1.2 2 6 12.7248 6.61969 1.2 1 7 12.2738 6.11857 1.2 0 13 10.6119 9.00077 1.20199 1 12 10.2555 6.14544 1.2 1 11 12.2204 5.79309 1.2 
274 0.002 6 8.61111 170 1.5 0 0 11.9582 8.5086 1.2 1 6 12.7248 6.61969 1.2 1 7 12.2738 6.11857 1.2 1 13 10.6119 9.00077 1.20199 0 12 10.2555 6.14544 1.2 1 11 12.2204 5.79309 1.2 
275 0.002 6 8.61111 170 1.5 0 0 11.9582 8.5086 1.2 1 6 12.7248 6.61969 1.2 1 7 12.2738 6.11857 1.2 0 13 10.6119 9.00077 1.20199 2 12 10.2555 6.14544 1.2 1 11 12.2204 5.79309 1.2 
276 0.002 6 8.61111 170 1.5 0 0 11.9582 8.5086 1.2 1 6 12.7248 6.61969 1.2 2 7 12.2738 6.11857 1.2 1 13 10.6119 9.00077 1.20199 0 12 10.2555 6.14544 1.2 1 11 12.2204 5.79309 1.2 
277 0.002 6 8.61111 170 1.5 0 0 11.9582 8.5086 1.2 1 6 12.7248 6.61969 1.2 0 7 12.2738 6.11857 1.2 1 13 10.6119 9.00077 1.20199 0 12 10.2555 6.14544 1.2 1 11 12.2204 5.79309 1.2 
278 0.002 6 8.61111 170 1.5 0 0 11.9582 8.5086 1.2 1 6 12.7248 6.61969 1.2 1 7 12.2738 6.11857 1.2 1 13 10.6119 9.00077 1.20199 0 12 10.2555 6.14544 1.2 1 11 12.2204 5.79309 1.2 
279 0.002 6 8.61111 170 1.5 0 0 11.9582 8.5086 1.2 1 6 12.7248 6.61969 1.2 1 7 12.2738 6.11857 1.2 1 13 10.6119 9.00077 1.20199 0 12 10.2555 6.14544 1.2 1 11 12.2204 5.79309 1.2 
280 0.002 6 8.61111 170 1.5 0 0 11.9582 8.5086 1.2 1 6 12.7248 6.61969 1.2 1 7 12.2738 6.11857 1.2 1 13 10.6119 9.00077 1.20199 1 12 10.2555 6.14544 1.2 1 11 12.2204 5.79309 1.2 
281 0.002 6 8.61111 170 1.5 0 0 11.9582 8.5086 1.2 1 6 12.7248 6.61969 1.2 0 7 12.2738 6.11857 1.2 1 13 10.6119 9.00077 1.20199 0 12 10.2555 6.14544 1.2 1 11 12.2204 5.79309 1.2 
282 0.002 6 8.61111 170 1.5 0 0 11.9582 8.5086 1.2 1 6 12.7248 6.61969 1.2 2 7 12.2738 6.11857 1.2 0 13 10.6119 9.00077 1.20199 0 12 10.2555 6.14544 1.2 1 11 12.2204 5.79309 1.2 
283 0.002 6 8.61111 170 1.5 2 0 11.9582 8.5086 1.2 1 6 12.7248 6.61969 1.2 0 7 12.2738 6.11857 1.2 1 13 10.6119 9.00077 1.20199 2 12 10.2555 6.14544 1.2 1 11 12.2204 5.79309 1.2 
284 0.002 6 8.61111 170 1.5 0 0 11.9582 8.5086 1.2 1 6 12.7248 6.61969 1.2 0 7 12.2738 6.11857 1.2 0 13 10.6119 9.00077 1.20199 0 12 10.2555 6.14544 1.2 1 11 12.2204 5.79309 1.2 
285 0.002 6 8.61111 170 1.5 0 0 11.9582 8.5086 1.2 1 6 12.7248 6.61969 1.2 1 7 12.2738 6.11857 1.2 1 13 10.6119 9.00077 1.20199 0 12 10.2555 6.14544 1.2 0 11 12.2204 5.79309 1.2 
286 0.002 6 8.61111 170 1.5 0 0 11.9582 8.5086 1.2 1 6 12.7248 6.61969 1.2 0 7 12.2738 6.11857 1.2 2 13 10.6119 9.00077 1.20199 0 12 10.2555 6.14544 1.2 1 11 12.2204 5.79309 1.2 
287 0.002 6 8.61111 170 1.5 0 0 11.9582 8.5086 1.2 1 6 12.7248 6.61969 1.2 1 7 12.2738 6.11857 1.2 1 13 10.6119 9.00077 1.20199 0 12 10.2555 6.14544 1.2 1 11 12.2204 5.79309 1.2 
288 0.002 6 8.61111 170 1.5 0 0 11.9582 8.5086 1.2 1 6 12.7248 6.61969 1.2 1 7 12.2738 6.11857 1.2 1 13 10.6119 9.00077 1.20199 0 12 10.2555 6.14544 1.2 1 11 12.2204 5.79309 1.2 
289 0.002 6 8.61111 170 1.5 0 0 11.9582 8.5086 1.2 1 6 12.7248 6.61969 1.2 0 7 12.2738 6.11857 1.2 1 13 10.6119 9.00077 1.20199 0 12 10.2555 6.14544 1.2 1 11 12.2204 5.79309 1.2 
290 0.002 6 8.61111 170 1.5 0 0 11.9582 8.5086 1.2 1 6 12.7248 6.61969 1.2 0 7 12.2738 6.11857 1.2 2 13 10.6119 9.00077 1.20199 0 12 10.2555 6.14544 1.2 1 11 12.2204 5.79309 1.2 
291 0.002 6 8.61111 170 1.5 0 0 11.9582 8.5086 1.2 0 6 12.7248 6.61969 1.2 0 7 12.2738 6.11857 1.2 1 13 10.6119 9.00077 1.20199 0 12 10.2555 6.14544 1.2 1 11 12.2204 5.79309 1.2 
292 0.002 6 8.61111 170 1.5 0 0 11.9582 8.5086 1.2 1 6 12.7248 6.61969 1.2 0 7 12.2738 6.11857 1.2 1 13 10.6119 9.00077 1.20199 2 12 10.2555 6.14544 1.2 0 11 12.2204 5.79309 1.2 
293 0.002 6 8.61111 170 1.5 0 0 11.9582 8.5086 1.2 1 6 12.7248 6.61969 1.2 2 7 12.2738 6.11857 1.2 1 13 10.6119 9.00077 1.20199 0 12 10.2555 6.14544 1.2 1 11 12.2204 5.79309 1.2 
294 0.002 6 8.61111 170 1.5 0 0 11.9582 8.5086 1.2 1 6 12.7248 6.61969 1.2 1 7 12.2738 6.11857 1.2 0 13 10.6119 9.00077 1.20199 0 12 10.2555 6.14544 1.2 1 11 12.2204 5.79309 1.2 
295 0.002 6 8.61111 170 1.5 0 0 11.9582 8.5086 1.2 1 6 12.7248 6.61969 1.2 0 7 12.2738 6.11857 1.2 1 13 10.6119 9.00077 1.20199 0 12 10.2555 6.14544 1.2 1 11 12.2204 5.79309 1.2 
296 0.002 6 8.61111 170 1.5 0 0 11.9582 8.5086 1.2 1 6 12.7248 6.61969 1.2 2 7 12.2738 6.11857 1.2 2 13 10.6119 9.00077 1.20199 1 12 10.2555 6.14544 1.2 1 11 12.2204 5.79309 1.2 
297 0.002 6 8.61111 170 1.5 0 0 11.9582 8.5086 1.2 2 6 12.7248 6.61969 1.2 1 7 12.2738 6.11857 1.2 2 13 10.6119 9.00077 1.20199 0 12 10.2555 6.14544 1.2 1 11 12.2204 5.79309 1.2 
298 0.002 6 8.61111 170 1.5 0 0 11.9582 8.5086 1.2 0 6 12.7248 6.61969 1.2 0 7 12.2738 6.11857 1.2 1 13 10.6119 9.00077 1.20199 0 12 10.2555 6.14544 1.2 1 11 12.2204 5.79309 1.2 
299 0.002 6 8.61111 170 1.5 0 0 11.9582 8.5086 1.2 1 6 12.7248 6.61969 1.2 1 7 12.2738 6.11857 1.2 1 13 10.6119 9.00077 1.20199 0 12 10.2555 6.14544 1.2 1 11 12.2204 5.79309 1.2 
300 0.002 6 8.61111 170 1.5 0 0 11.9582 8.5086 1.2 1 6 12.7248 6.61969 1.2 0 7 12.2738 6.11857 1.2 1 13 10.6119 9.00077 1.20199 0 12 10.2555 6.14544 1.2 1 11 12.2204 5.79309 1.2 
301 0.002 6 8.61111 170 1.5 0 0 11.9582 8.5086 1.2 1 6 12.7248 6.61969 1.2 0 7 12.2738 6.11857 1.2 1 13 10.6119 9.00077 1.20199 0 12 10.2555 6.14544 1.2 1 11 12.2204 5.79309 1.2 
302 0.002 6 8.61111 170 1.5 0 0 11.9582 8.5086 1.2 1 6 12.7248 6.61969 1.2 0 7 12.2738 6.11857 1.2 0 13 10.6119 9.00077 1.20199 0 12 10.2555 6.14544 1.2 1 11 12.2204 5.79309 1.2 
303 0.002 6 8.61111 170 1.5 0 0 11.9582 8.5086 1.2 1 6 12.7248 6.61969 1.2 1 7 12.2738 6.11857 1.2 2 13 10.6119 9.00077 1.20199 0 12 10.2555 6.14544 1.2 2 11 12.2204 5.79309 1.2 
304 0.002 6 8.61111 170 1.5 2 0 11.9582 8.5086 1.2 0 6 12.7248 6.61969 1.2 0 7 12.2738 6.11857 1.2 1 13 10.6119 9.00077 1.20199 0 12 10.2555 6.14544 1.2 0 11 12.2204 5.79309 1.2 
305 0.002 6 8.61111 170 1.5 0 0 11.9582 8.5086 1.2 1 6 12.7248 6.61969 1.2 1 7 12.2738 6.11857 1.2 2 13 10.6119 9.00077 1.20199 0 12 10.2555 6.14544 1.2 1 11 12.2204 5.79309 1.2 
306 0.002 6 8.61111 170 1.5 2 0 11.9582 8.5086 1.2 1 6 12.7248 6.61969 1.2 1 7 12.2738 6.11857 1.2 1 13 10.6119 9.00077 1.20199 0 12 10.2555 6.14544 1.2 0 11 12.2204 5.79309 1.2 
307 0.002 6 8.61111 170 1.5 0 0 11.9582 8.5086 1.2 1 6 12.7248 6.61969 1.2 1 7 12.2738 6.11857 1.2 1 13 10.6119 9.00077 1.20199 0 12 10.2555 6.14544 1.2 1 11 12.2204 5.79309 1.2 
308 0.002 6 8.61111 170 1.5 0 0 11.9582 8.5086 1.2 1 6 12.7248 6.61969 1.2 1 7 12.2738 6.11857 1.2 1 13 10.6119 9.00077 1.20199 0 12 10.2555 6.14544 1.2 0 11 12.2204 5.79309 1.2 
309 0.002 6 8.61111 170 1.5 0 0 11.9582 8.5086 1.2 1 6 12.7248 6.61969 1.2 1 7 12.2738 6.11857 1.2 2 13 10.6119 9.00077 1.20199 0 12 10.2555 6.14544 1.2 1 11 12.2204 5.79309 1.2 
310 0.002 6 8.61111 170 1.5 0 0 11.9582 8.5086 1.2 1 6 12.7248 6.61969 1.2 0 7 12.2738 6.11857 1.2 1 13 10.6119 9.00077 1.20199 0 12 10.2555 6.14544 1.2 1 11 12.2204 5.79309 1.2 
311 0.002 6 8.61111 170 1.5 0 0 11.9582 8.5086 1.2 1 6 12.7248 6.61969 1.2 1 7 12.2738 6.11857 1.2 1 13 10.6119 9.00077 1.20199 0 12 10.2555 6.14544 1.2 1 11 12.2204 5.79309 1.2 
312 0.002 6 8.61111 170 1.5 0 0 11.9582 8.5086 1.2 1 6 12.7248 6.61969 1.2 1 7 12.2738 6.11857 1.2 1 13 10.6119 9.00077 1.20199 0 12 10.2555 6.14544 1.2 1 11 12.2204 5.79309 1.2 
313 0.002 6 8.61111 170 1.5 2 0 11.9582 8.5086 1.2 1 6 12.7248 6.61969 1.2 1 7 12.2738 6.11857 1.2 0 13 10.6119 9.00077 1.20199 0 12 10.2555 6.14544 1.2 1 11 12.2204 5.79309 1.2 
314 0.002 6 8.61111 170 1.5 0 0 11.9582 8.5086 1.2 1 6 12.7248 6.61969 1.2 0 7 12.2738 6.11857 1.2 1 13 10.6119 9.00077 1.20199 0 12 10.2555 6.14544 1.2 0 11 12.2204 5.79309 1.2 
315 0.002 6 8.61111 170 1.5 0 0 11.9582 8.5086 1.2 1 6 12.7248 6.61969 1.2 1 7 12.2738 6.11857 1.2 1 13 10.6119 9.00077 1.20199 0 12 10.2555 6.14544 1.2 1 11 12.2204 5.79309 1.2 
316 0.002 6 8.61111 170 1.5 0 0 11.9582 8.5086 1.2 1 6 12.7248 6.61969 1.2 1 7 12.2738 6.11857 1.2 2 13 10.6119 9.00077 1.20199 0 12 10.2555 6.14544 1.2 0 11 12.2204 5.79309 1.2 
317 0.002 6 8.61111 170 1.5 0 0 11.9582 8.5086 1.2 0 6 12.7248 6.61969 1.2 0 7 12.2738 6.11857 1.2 1 13 10.6119 9.00077 1.20199 1 12 10.2555 6.14544 1.2 1 11 12.2204 5.79309 1.2 
318 0.002 6 8.61111 170 1.5 0 0 11.9582 8.5086 1.2 1 6 12.7248 6.61969 1.2 0 7 12.2738 6.11857 1.2 1 13 10.6119 9.00077 1.20199 1 12 10.2555 6.14544 1.2 0 11 12.2204 5.79309 1.2 
319 0.002 6 8.61111 170 1.5 0 0 11.9582 8.5086 1.2 1 6 12.7248 6.61969 1.2 0 7 12.2738 6.11857 1.2 2 13 10.6119 9.00077 1.20199 2 12 10.2555 6.14544 1.2 1 11 12.2204 5.79309 1.2 
320 0.002 6 8.61111 170 1.5 0 0 11.9582 8.5086 1.2 1 6 12.7248 6.61969 1.2 1 7 12.2738 6.11857 1.2 2 13 10.6119 9.00077 1.20199 0 12 10.2555 6.14544 1.2 1 11 12.2204 5.79309 1.2 
321 0.002 6 8.61111 170 1.5 0 0 11.9582 8.5086 1.2 1 6 12.7248 6.61969 1.2 1 7 12.2738 6.11857 1.2 2 13 10.6119 9.00077 1.20199 0 12 10.2555 6.14544 1.2 1 11 12.2204 5.79309 1.2 
322 0.002 6 8.61111 170 1.5 0 0 11.9582 8.5086 1.2 1 6 12.7248 6.61969 1.2 0 7 12.2738 6.11857 1.2 1 13 10.6119 9.00077 1.20199 0 12 10.2555 6.14544 1.2 1 11 12.2204 5.79309 1.2 
323 0.002 6 8.61111 170 1.5 0 0 11.9582 8.5086 1.2 1 6 12.7248 6.61969 1.2 1 7 12.2738 6.11857 1.2 1 13 10.6119 9.00077 1.20199 0 12 10.2555 6.14544 1.2 1 11 12.2204 5.79309 1.2 
324 0.002 6 8.61111 170 1.5 0 0 11.9582 8.5086 1.2 1 6 12.7248 6.61969 1.2 1 7 12.2738 6.11857 1.2 1 13 10.6119 9.00077 1.20199 1 12 10.2555 6.14544 1.2 1 11 12.2204 5.79309 1.2 
325 0.002 6 8.61111 170 1.5 0 0 11.9582 8.5086 1.2 1 6 12.7248 6.61969 1.2 1 7 12.2738 6.11857 1.2 0 13 10.6119 9.00077 1.20199 0 12 10.2555 6.14544 1.2 1 11 12.2204 5.79309 1.2 
326 0.002 6 8.61111 170 1.5 0 0 11.9582 8.5086 1.2 1 6 12.7248 6.61969 1.2 1 7 12.2738 6.11857 1.2 1 13 10.6119 9.00077 1.20199 0 12 10.2555 6.14544 1.2 1 11 12.2204 5.79309 1.2 
327 0.002 6 8.61111 170 1.5 1 0 11.9582 8.5086 1.2 1 6 12.7248 6.61969 1.2 0 7 12.2738 6.11857 1.2 0 13 10.6119 9.00077 1.20199 1 12 10.2555 6.14544 1.2 1 11 12.2204 5.79309 1.2 
328 0.002 6 8.61111 170 1.5 1 0 11.9582 8.5086 1.2 1 6 12.7248 6.61969 1.2 1 7 12.2738 6.11857 1.2 1 13 10.6119 9.00077 1.20199 0 12 10.2555 6.14544 1.2 1 11 12.2204 5.79309 1.2 
329 0.002 6 8.61111 170 1.5 2 0 11.9582 8.5086 1.2 1 6 12.7248 6.61969 1.2 1 7 12.2738 6.11857 1.2 0 13 10.6119 9.00077 1.20199 0 12 10.2555 6.14544 1.2 1 11 12.2204 5.79309 1.2 
330 0.002 6 8.61111 170 1.5 0 0 11.9582 8.5086 1.2 1 6 12.7248 6.61969 1.2 0 7 12.2738 6.11857 1.2 1 13 10.6119 9.00077 1.20199 0 12 10.2555 6.14544 1.2 2 11 12.2204 5.79309 1.2 
331 0.002 6 8.61111 170 1.5 0 0 11.9582 8.5086 1.2 1 6 12.7248 6.61969 1.2 1 7 12.2738 6.11857 1.2 1 13 10.6119 9.00077 1.20199 1 12 10.2555 6.14544 1.2 1 11 12.2204 5.79309 1.2 
332 0.002 6 8.61111 170 1.5 0 0 11.9582 8.5086 1.2 1 6 12.7248 6.61969 1.2 2 7 12.2738 6.11857 1.2 0 13 10.6119 9.00077 1.20199 1 12 10.2555 6.14544 1.2 1 11 12.2204 5.79309 1.2 
333 0.002 6 8.61111 170 1.5 0 0 11.9582 8.5086 1.2 1 6 12.7248 6.61969 1.2 0 7 12.2738 6.11857 1.2 1 13 10.6119 9.00077 1.20199 0 12 10.2555 6.14544 1.2 1 11 12.2204 5.79309 1.2 
334 0.002 6 8.61111 170 1.5 0 0 11.9582 8.5086 1.2 1 6 12.7248 6.61969 1.2 1 7 12.2738 6.11857 1.2 1 13 10.6119 9.00077 1.20199 0 12 10.2555 6.14544 1.2 1 11 12.2204 5.79309 1.2 
335 0.002 6 8.61111 170 1.5 0 0 11.9582 8.5086 1.2 1 6 12.7248 6.61969 1.2 1 7 12.2738 6.11857 1.2 1 13 10.6119 9.00077 1.20199 0 12 10.2555 6.14544 1.2 2 11 12.2204 5.79309 1.2 
336 0.002 6 8.61111 170 1.5 1 0 11.9582 8.5086 1.2 1 6 12.7248 6.61969 1.2 1 7 12.2738 6.11857 1.2 0 13 10.6119 9.00077 1.20199 0 12 10.2555 6.14544 1.2 1 11 12.2204 5.79309 1.2 
337 0.002 6 8.61111 170 1.5 0 0 11.9582 8.5086 1.2 1 6 12.7248 6.61969 1.2 1 7 12.2738 6.11857 1.2 1 13 10.6119 9.00077 1.20199 0 12 10.2555 6.14544 1.2 1 11 12.2204 5.79309 1.2 
338 0.002 6 8.61111 170 1.5 2 0 11.9582 8.5086 1.2 1 6 12.7248 6.61969 1.2 0 7 12.2738 6.11857 1.2 2 13 10.6119 9.00077 1.20199 0 12 10.2555 6.14544 1.2 1 11 12.2204 5.79309 1.2 
339 0.002 6 8.61111 170 1.5 0 0 11.9582 8.5086 1.2 1 6 12.7248 6.61969 1.2 0 7 12.2738 6.11857 1.2 1 13 10.6119 9.00077 1.20199 0 12 10.2555 6.14544 1.2 1 11 12.2204 5.79309 1.2 
340 0.002 6 8.61111 170 1.5 0 0 11.9582 8.5086 1.2 1 6 12.7248 6.61969 1.2 0 7 12.2738 6.11857 1.2 1 13 10.6119 9.00077 1.20199 0 12 10.2555 6.14544 1.2 0 11 12.2204 5.79309 1.2 
341 0.002 6 8.61111 170 1.5 0 0 11.9582 8.5086 1.2 1 6 12.7248 6.61969 1.2 0 7 12.2738 6.11857 1.2 1 13 10.6119 9.00077 1.20199 0 12 10.2555 6.14544 1.2 1 11 12.2204 5.79309 1.2 
342 0.002 6 8.61111 170 1.5 0 0 11.9582 8.5086 1.2 1 6 12.7248 6.61969 1.2 1 7 12.2738 6.11857 1.2 0 13 10.6119 9.00077 1.20199 1 12 10.2555 6.14544 1.2 1 11 12.2204 5.79309 1.2 
343 0.002 6 8.61111 170 1.5 0 0 11.9582 8.5086 1.2 1 6 12.7248 6.61969 1.2 1 7 12.2738 6.11857 1.2 0 13 10.6119 9.00077 1.20199 0 12 10.2555 6.14544 1.2 1 11 12.2204 5.79309 1.2 
344 0.002 6 8.61111 170 1.5 0 0 11.9582 8.5086 1.2 1 6 12.7248 6.61969 1.2 0 7 12.2738 6.11857 1.2 1 13 10.6119 9.00077 1.20199 0 12 10.2555 6.14544 1.2 0 11 12.2204 5.79309 1.2 
345 0.002 6 8.61111 170 1.5 0 0 11.9582 8.5086 1.2 1 6 12.7248 6.61969 1.2 1 7 12.2738 6.11857 1.2 1 13 10.6119 9.00077 1.20199 1 12 10.2555 6.14544 1.2 1 11 12.2204 5.79309 1.2 
346 0.002 6 8.61111 170 1.5 0 0 11.9582 8.5086 1.2 1 6 12.7248 6.61969 1.2 1 7 12.2738 6.11857 1.2 0 13 10.6119 9.00077 1.20199 0 12 10.2555 6.14544 1.2 1 11 12.2204 5.79309 1.2 
347 0.002 6 8.61111 170 1.5 0 0 11.9582 8.5086 1.2 1 6 12.7248 6.61969 1.2 1 7 12.2738 6.11857 1.2 1 13 10.6119 9.00077 1.20199 0 12 10.2555 6.14544 1.2 1 11 12.2204 5.79309 1.2 
348 0.002 6 8.61111 170 1.5 0 0 11.9582 8.5086 1.2 1 6 12.7248 6.61969 1.2 1 7 12.2738 6.11857 1.2 0 13 10.6119 9.00077 1.20199 0 12 10.2555 6.14544 1.2 1 11 12.2204 5.79309 1.2 
349 0.002 6 8.61111 170 1.5 0 0 11.9582 8.5086 1.2 2 6 12.7248 6.61969 1.2 0 7 12.2738 6.11857 1.2 1 13 10.6119 9.00077 1.20199 0 12 10.2555 6.14544 1.2 1 11 12.2204 5.79309 1.2 
350 0.002 6 8.61111 170 1.5 0 0 11.9582 8.5086 1.2 1 6 12.7248 6.61969 1.2 0 7 12.2738 6.11857 1.2 1 13 10.6119 9.00077 1.20199 0 12 10.2555 6.14544 1.2 1 11 12.2204 5.79309 1.2 
351 0.002 6 8.61111 170 1.5 2 0 11.9582 8.5086 1.2 1 6 12.7248 6.61969 1.2 2 7 12.2738 6.11857 1.2 0 13 10.6119 9.00077 1.20199 0 12 10.2555 6.14544 1.2 1 11 12.2204 5.79309 1.2 
352 0.002 6 8.61111 170 1.5 1 0 11.9582 8.5086 1.2 1 6 12.7248 6.61969 1.2 1 7 12.2738 6.11857 1.2 1 13 10.6119 9.00077 1.20199 1 12 10.2555 6.14544 1.2 1 11 12.2204 5.79309 1.2 
353 0.002 6 8.61111 170 1.5 0 0 11.9582 8.5086 1.2 1 6 12.7248 6.61969 1.2 1 7 12.2738 6.11857 1.2 2 13 10.6119 9.00077 1.20199 0 12 10.2555 6.14544 1.2 1 11 12.2204 5.79309 1.2 
354 0.002 6 8.61111 170 1.5 0 0 11.9582 8.5086 1.2 1 6 12.7248 6.61969 1.2 1 7 12.2738 6.11857 1.2 0 13 10.6119 9.00077 1.20199 0 12 10.2555 6.14544 1.2 1 11 12.2204 5.79309 1.2 
355 0.002 6 8.61111 170 1.5 0 0 11.9582 8.5086 1.2 1 6 12.7248 6.61969 1.2 0 7 12.2738 6.11857 1.2 1 13 10.6119 9.00077 1.20199 2 12 10.2555 6.14544 1.2 1 11 12.2204 5.79309 1.2 
356 0.002 6 8.61111 170 1.5 0 0 11.9582 8.5086 1.2 1 6 12.7248 6.61969 1.2 1 7 12.2738 6.11857 1.2 1 13 10.6119 9.00077 1.20199 0 12 10.2555 6.14544 1.2 1 11 12.2204 5.79309 1.2 
357 0.002 6 8.61111 170 1.5 1 0 11.9582 8.5086 1.2 0 6 12.7248 6.61969 1.2 1 7 12.2738 6.11857 1.2 0 13 10.6119 9.00077 1.20199 0 12 10.2555 6.14544 1.2 1 11 12.2204 5.79309 1.2 
358 0.002 6 8.61111 170 1.5 0 0 11.9582 8.5086 1.2 1 6 12.7248 6.61969 1.2 0 7 12.2738 6.11857 1.2 1 13 10.6119 9.00077 1.20199 0 12 10.2555 6.14544 1.2 1 11 12.2204 5.79309 1.2 
359 0.002 6 8.61111 170 1.5 0 0 11.9582 8.5086 1.2 2 6 12.7248 6.61969 1.2 1 7 12.2738 6.11857 1.2 1 13 10.6119 9.00077 1.20199 2 12 10.2555 6.14544 1.2 1 11 12.2204 5.79309 1.2 
360 0.002 6 8.61111 170 1.5 0 0 11.9582 8.5086 1.2 1 6 12.7248 6.61969 1.2 1 7 12.2738 6.11857 1.2 1 13 10.6119 9.00077 1.20199 0 12 10.2555 6.14544 1.2 1 11 12.2204 5.79309 1.2 
361 0.002 6 8.61111 170 1.5 0 0 11.9582 8.5086 1.2 1 6 12.7248 6.61969 1.2 0 7 12.2738 6.11857 1.2 1 13 10.6119 9.00077 1.20199 0 12 10.2555 6.14544 1.2 1 11 12.2204 5.79309 1.2 
362 0.002 6 8.61111 170 1.5 1 0 11.9582 8.5086 1.2 1 6 12.7248 6.61969 1.2 0 7 12.2738 6.11857 1.2 1 13 10.6119 9.00077 1.20199 0 12 10.2555 6.14544 1.2 1 11 12.2204 5.79309 1.2 
363 0.002 6 8.61111 170 1.5 0 0 11.9582 8.5086 1.2 1 6 12.7248 6.61969 1.2 1 7 12.2738 6.11857 1.2 1 13 10.6119 9.00077 1.20199 0 12 10.2555 6.14544 1.2 1 11 12.2204 5.79309 1.2 
364 0.002 6 8.61111 170 1.5 0 0 11.9582 8.5086 1.2 0 6 12.7248 6.61969 1.2 0 7 12.2738 6.11857 1.2 1 13 10.6119 9.00077 1.20199 0 12 10.2555 6.14544 1.2 1 11 12.2204 5.79309 1.2 
365 0.002 6 8.61111 170 1.5 0 0 11.9582 8.5086 1.2 1 6 12.7248 6.61969 1.2 0 7 12.2738 6.11857 1.2 1 13 10.6119 9.00077 1.20199 0 12 10.2555 6.14544 1.2 1 11 12.2204 5.79309 1.2 
366 0.002 6 8.61111 170 1.5 0 0 11.9582 8.5086 1.2 1 6 12.7248 6.61969 1.2 1 7 12.2738 6.11857 1.2 1 13 10.6119 9.00077 1.20199 0 12 10.2555 6.14544 1.2 1 11 12.2204 5.79309 1.2 
367 0.002 6 8.61111 170 1.5 0 0 11.9582 8.5086 1.2 1 6 12.7248 6.61969 1.2 0 7 12.2738 6.11857 1.2 1 13 10.6119 9.00077 1.20199 0 12 10.2555 6.14544 1.2 0 11 12.2204 5.79309 1.2 
368 0.002 6 8.61111 170 1.5 0 0 11.9582 8.5086 1.2 1 6 12.7248 6.61969 1.2 0 7 12.2738 6.11857 1.2 1 13 10.6119 9.00077 1.20199 0 12 10.2555 6.14544 1.2 1 11 12.2204 5.79309 1.2 
369 0.002 6 8.61111 170 1.5 0 0 11.9582 8.5086 1.2 1 6 12.7248 6.61969 1.2 1 7 12.2738 6.11857 1.2 1 13 10.6119 9.00077 1.20199 0 12 10.2555 6.14544 1.2 1 11 12.2204 5.79309 1.2 
370 0.002 6 8.61111 170 1.5 0 0 11.9582 8.5086 1.2 1 6 12.7248 6.61969 1.2 1 7 12.2738 6.11857 1.2 2 13 10.6119 9.00077 1.20199 1 12 10.2555 6.14544 1.2 0 11 12.2204 5.79309 1.2 
371 0.002 6 8.61111 170 1.5 0 0 11.9582 8.5086 1.2 1 6 12.7248 6.61969 1.2 1 7 12.2738 6.11857 1.2 1 13 10.6119 9.00077 1.20199 0 12 10.2555 6.14544 1.2 1 11 12.2204 5.79309 1.2 
372 0.002 6 8.61111 170 1.5 0 0 11.9582 8.5086 1.2 1 6 12.7248 6.61969 1.2 2 7 12.2738 6.11857 1.2 0 13 10.6119 9.00077 1.20199 0 12 10.2555 6.14544 1.2 1 11 12.2204 5.79309 1.2 
373 0.002 6 8.61111 170 1.5 0 0 11.9582 8.5086 1.2 1 6 12.7248 6.61969 1.2 1 7 12.2738 6.11857 1.2 2 13 10.6119 9.00077 1.20199 0 12 10.2555 6.14544 1.2 1 11 12.2204 5.79309 1.2 
374 0.002 6 8.61111 170 1.5 0 0 11.9582 8.5086 1.2 1 6 12.7248 6.61969 1.2 0 7 12.2738 6.11857 1.2 1 13 10.6119 9.00077 1.20199 0 12 10.2555 6.14544 1.2 1 11 12.2204 5.79309 1.2 
375 0.002 6 8.61111 170 1.5 0 0 11.9582 8.5086 1.2 1 6 12.7248 6.61969 1.2 1 7 12.2738 6.11857 1.2 1 13 10.6119 9.00077 1.20199 0 12 10.2555 6.14544 1.2 1 11 12.2204 5.79309 1.2 
376 0.002 6 8.61111 170 1.5 0 0 11.9582 8.5086 1.2 1 6 12.7248 6.61969 1.2 1 7 12.2738 6.11857 1.2 0 13 10.6119 9.00077 1.20199 0 12 10.2555 6.14544 1.2 1 11 12.2204 5.79309 1.2 
377 0.002 6 8.61111 170 1.5 0 0 11.9582 8.5086 1.2 1 6 12.7248 6.61969 1.2 2 7 12.2738 6.11857 1.2 1 13 10.6119 9.00077 1.20199 1 12 10.2555 6.14544 1.2 0 11 12.2204 5.79309 1.2 
378 0.002 6 8.61111 170 1.5 0 0 11.9582 8.5086 1.2 2 6 12.7248 6.61969 1.2 0 7 12.2738 6.11857 1.2 2 13 10.6119 9.00077 1.20199 0 12 10.2555 6.14544 1.2 1 11 12.2204 5.79309 1.2 
379 0.002 6 8.61111 170 1.5 1 0 11.9582 8.5086 1.2 1 6 12.7248 6.61969 1.2 0 7 12.2738 6.11857 1.2 1 13 10.6119 9.00077 1.20199 0 12 10.2555 6.14544 1.2 1 11 12.2204 5.79309 1.2 
380 0.002 6 8.61111 170 1.5 0 0 11.9582 8.5086 1.2 1 6 12.7248 6.61969 1.2 0 7 12.2738 6.11857 1.2 1 13 10.6119 9.00077 1.20199 0 12 10.2555 6.14544 1.2 1 11 12.2204 5.79309 1.2 
381 0.002 6 8.61111 170 1.5 0 0 11.9582 8.5086 1.2 1 6 12.7248 6.61969 1.2 1 7 12.2738 6.11857 1.2 1 13 10.6119 9.00077 1.20199 2 12 10.2555 6.14544 1.2 1 11 12.2204 5.79309 1.2 
382 0.002 6 8.61111 170 1.5 0 0 11.9582 8.5086 1.2 1 6 12.7248 6.61969 1.2 0 7 12.2738 6.11857 1.2 2 13 10.6119 9.00077 1.20199 0 12 10.2555 6.14544 1.2 1 11 12.2204 5.79309 1.2 
383 0.002 6 8.61111 170 1.5 0 0 11.9582 8.5086 1.2 1 6 12.7248 6.61969 1.2 1 7 12.2738 6.11857 1.2 2 13 10.6119 9.00077 1.20199 0 12 10.2555 6.14544 1.2 1 11 12.2204 5.79309 1.2 
384 0.002 6 8.61111 170 1.5 0 0 11.9582 8.5086 1.2 1 6 12.7248 6.61969 1.2 2 7 12.2738 6.11857 1.2 1 13 10.6119 9.00077 1.20199 0 12 10.2555 6.14544 1.2 0 11 12.2204 5.79309 1.2 
385 0.002 6 8.61111 170 1.5 0 0 11.9582 8.5086 1.2 1 6 12.7248 6.61969 1.2 1 7 12.2738 6.11857 1.2 1 13 10.6119 9.00077 1.20199 0 12 10.2555 6.14544 1.2 1 11 12.2204 5.79309 1.2 
386 0.002 6 8.61111 170 1.5 0 0 11.9582 8.5086 1.2 1 6 12.7248 6.61969 1.2 1 7 12.2738 6.11857 1.2 1 13 10.6119 9.00077 1.20199 0 12 10.2555 6.14544 1.2 0 11 12.2204 5.79309 1.2 
387 0.002 6 8.61111 170 1.5 0 0 11.9582 8.5086 1.2 1 6 12.7248 6.61969 1.2 0 7 12.2738 6.11857 1.2 1 13 10.6119 9.00077 1.20199 0 12 10.2555 6.14544 1.2 1 11 12.2204 5.79309 1.2 
388 0.002 6 8.61111 170 1.5 0 0 11.9582 8.5086 1.2 1 6 12.7248 6.61969 1.2 0 7 12.2738 6.11857 1.2 2 13 10.6119 9.00077 1.20199 0 12 10.2555 6.14544 1.2 1 11 12.2204 5.79309 1.2 
389 0.002 6 8.61111 170 1.5 0 0 11.9582 8.5086 1.2 1 6 12.7248 6.61969 1.2 1 7 12.2738 6.11857 1.2 1 13 10.6119 9.00077 1.20199 0 12 10.2555 6.14544 1.2 0 11 12.2204 5.79309 1.2 
390 0.002 6 8.61111 170 1.5 2 0 11.9582 8.5086 1.2 1 6 12.7248 6.61969 1.2 1 7 12.2738 6.11857 1.2 1 13 10.6119 9.00077 1.20199 2 12 10.2555 6.14544 1.2 1 11 12.2204 5.79309 1.2 
391 0.002 6 8.61111 170 1.5 0 0 11.9582 8.5086 1.2 1 6 12.7248 6.61969 1.2 0 7 12.2738 6.11857 1.2 1 13 10.6119 9.00077 1.20199 0 12 10.2555 6.14544 1.2 1 11 12.2204 5.79309 1.2 
392 0.002 6 8.61111 170 1.5 0 0 11.9582 8.5086 1.2 1 6 12.7248 6.61969 1.2 1 7 12.2738 6.11857 1.2 0 13 10.6119 9.00077 1.20199 0 12 10.2555 6.14544 1.2 1 11 12.2204 5.79309 1.2 
393 0.002 6 8.61111 170 1.5 2 0 11.9582 8.5086 1.2 1 6 12.7248 6.61969 1.2 1 7 12.2738 6.11857 1.2 1 13 10.6119 9.00077 1.20199 0 12 10.2555 6.14544 1.2 1 11 12.2204 5.79309 1.2 
394 0.002 6 8.61111 170 1.5 0 0 11.9582 8.5086 1.2 1 6 12.7248 6.61969 1.2 1 7 12.2738 6.11857 1.2 1 13 10.6119 9.00077 1.20199 0 12 10.2555 6.14544 1.2 1 11 12.2204 5.79309 1.2 
395 0.002 6 8.61111 170 1.5 1 0 11.9582 8.5086 1.2 1 6 12.7248 6.61969 1.2 1 7 12.2738 6.11857 1.2 1 13 10.6119 9.00077 1.20199 0 12 10.2555 6.14544 1.2 1 11 12.2204 5.79309 1.2 
396 0.002 6 8.61111 170 1.5 0 0 11.9582 8.5086 1.2 2 6 12.7248 6.61969 1.2 1 7 12.2738 6.11857 1.2 2 13 10.6119 9.00077 1.20199 1 12 10.2555 6.14544 1.2 1 11 12.2204 5.79309 1.2 
397 0.002 6 8.61111 170 1.5 0 0 11.9582 8.5086 1.2 1 6 12.7248 6.61969 1.2 0 7 12.2738 6.11857 1.2 2 13 10.6119 9.00077 1.20199 0 12 10.2555 6.14544 1.2 1 11 12.2204 5.79309 1.2 
398 0.002 6 8.61111 170 1.5 0 0 11.9582 8.5086 1.2 1 6 12.7248 6.61969 1.2 1 7 12.2738 6.11857 1.2 1 13 10.6119 9.00077 1.20199 0 12 10.2555 6.14544 1.2 1 11 12.2204 5.79309 1.2 
399 0.002 6 8.61111 170 1.5 0 0 11.9582 8.5086 1.2 1 6 12.7248 6.61969 1.2 0 7 12.2738 6.11857 1.2 1 13 10.6119 9.00077 1.20199 0 12 10.2555 6.14544 1.2 1 11 12.2204 5.79309 1.2 
400 0.002 6 8.61111 170 1.5 0 0 11.9582 8.5086 1.2 1 6 12.7248 6.61969 1.2 0 7 12.2738 6.11857 1.2 1 13 10.6119 9.00077 1.20199 0 12 10.2555 6.14544 1.2 1 11 12.2204 5.79309 1.2 
401 0.002 6 8.61111 170 1.5 0 0 11.9582 8.5086 1.2 1 6 12.7248 6.61969 1.2 2 7 12.2738 6.11857 1.2 1 13 10.6119 9.00077 1.20199 0 12 10.2555 6.14544 1.2 1 11 12.2204 5.79309 1.2 
402 0.002 6 8.61111 170 1.5 0 0 11.9582 8.5086 1.2 1 6 12.7248 6.61969 1.2 1 7 12.2738 6.11857 1.2 1 13 10.6119 9.00077 1.20199 0 12 10.2555 6.14544 1.2 1 11 12.2204 5.79309 1.2 
403 0.002 6 8.61111 170 1.5 0 0 11.9582 8.5086 1.2 1 6 12.7248 6.61969 1.2 0 7 12.2738 6.11857 1.2 0 13 10.6119 9.00077 1.20199 0 12 10.2555 6.14544 1.2 1 11 12.2204 5.79309 1.2 
404 0.002 6 8.61111 170 1.5 0 0 11.9582 8.5086 1.2 1 6 12.7248 6.61969 1.2 1 7 12.2738 6.11857 1.2 1 13 10.6119 9.00077 1.20199 0 12 10.2555 6.14544 1.2 1 11 12.2204 5.79309 1.2 
405 0.002 6 8.61111 170 1.5 0 0 11.9582 8.5086 1.2 0 6 12.7248 6.61969 1.2 1 7 12.2738 6.11857 1.2 1 13 10.6119 9.00077 1.20199 0 12 10.2555 6.14544 1.2 1 11 12.2204 5.79309 1.2 
406 0.002 6 8.61111 170 1.5 0 0 11.9582 8.5086 1.2 2 6 12.7248 6.61969 1.2 0 7 12.2738 6.11857 1.2 1 13 10.6119 9.00077 1.20199 0 12 10.2555 6.14544 1.2 1 11 12.2204 5.79309 1.2 
407 0.002 6 8.61111 170 1.5 0 0 11.9582 8.5086 1.2 1 6 12.7248 6.61969 1.2 1 7 12.2738 6.11857 1.2 1 13 10.6119 9.00077 1.20199 0 12 10.2555 6.14544 1.2 1 11 12.2204 5.79309 1.2 
408 0.002 6 8.61111 170 1.5 0 0 11.9582 8.5086 1.2 1 6 12.7248 6.61969 1.2 0 7 12.2738 6.11857 1.2 2 13 10.6119 9.00077 1.20199 0 12 10.2555 6.14544 1.2 1 11 12.2204 5.79309 1.2 
409 0.002 6 8.61111 170 1.5 0 0 11.9582 8.5086 1.2 1 6 12.7248 6.61969 1.2 1 7 12.2738 6.11857 1.2 0 13 10.6119 9.00077 1.20199 0 12 10.2555 6.14544 1.2 1 11 12.2204 5.79309 1.2 
410 0.002 6 8.61111 170 1.5 0 0 11.9582 8.5086 1.2 1 6 12.7248 6.61969 1.2 1 7 12.2738 6.11857 1.2 1 13 10.6119 9.00077 1.20199 0 12 10.2555 6.14544 1.2 1 11 12.2204 5.79309 1.2 
411 0.002 6 8.61111 170 1.5 0 0 11.9582 8.5086 1.2 1 6 12.7248 6.61969 1.2 2 7 12.2738 6.11857 1.2 2 13 10.6119 9.00077 1.20199 0 12 10.2555 6.14544 1.2 1 11 12.2204 5.79309 1.2 
412 0.002 6 8.61111 170 1.5 0 0 11.9582 8.5086 1.2 1 6 12.7248 6.61969 1.2 1 7 12.2738 6.11857 1.2 1 13 10.6119 9.00077 1.20199 0 12 10.2555 6.14544 1.2 1 11 12.2204 5.79309 1.2 
413 0.002 6 8.61111 170 1.5 0 0 11.9582 8.5086 1.2 1 6 12.7248 6.61969 1.2 0 7 12.2738 6.11857 1.2 1 13 10.6119 9.00077 1.20199 0 12 10.2555 6.14544 1.2 1 11 12.2204 5.79309 1.2 
414 0.002 6 8.61111 170 1.5 0 0 11.9582 8.5086 1.2 1 6 12.7248 6.61969 1.2 0 7 12.2738 6.11857 1.2 1 13 10.6119 9.00077 1.20199 0 12 10.2555 6.14544 1.2 1 11 12.2204 5.79309 1.2 
415 0.002 6 8.61111 170 1.5 0 0 11.9582 8.5086 1.2 1 6 12.7248 6.61969 1.2 0 7 12.2738 6.11857 1.2 1 13 10.6119 9.00077 1.20199 0 12 10.2555 6.14544 1.2 1 11 12.2204 5.79309 1.2 
416 0.002 6 8.61111 170 1.5 0 0 11.9582 8.5086 1.2 0 6 12.7248 6.61969 1.2 1 7 12.2738 6.11857 1.2 1 13 10.6119 9.00077 1.20199 0 12 10.2555 6.14544 1.2 1 11 12.2204 5.79309 1.2 
417 0.002 6 8.61111 170 1.5 0 0 11.9582 8.5086 1.2 1 6 12.7248 6.61969 1.2 1 7 12.2738 6.11857 1.2 1 13 10.6119 9.00077 1.20199 0 12 10.2555 6.14544 1.2 1 11 12.2204 5.79309 1.2 
418 0.002 6 8.61111 170 1.5 0 0 11.9582 8.5086 1.2 1 6 12.7248 6.61969 1.2 1 7 12.2738 6.11857 1.2 1 13 10.6119 9.00077 1.20199 1 12 10.2555 6.14544 1.2 1 11 12.2204 5.79309 1.2 
419 0.002 6 8.61111 170 1.5 0 0 11.9582 8.5086 1.2 1 6 12.7248 6.61969 1.2 1 7 12.2738 6.11857 1.2 1 13 10.6119 9.00077 1.20199 0 12 10.2555 6.14544 1.2 1 11 12.2204 5.79309 1.2 
420 0.002 6 8.61111 170 1.5 0 0 11.9582 8.5086 1.2 1 6 12.7248 6.61969 1.2 1 7 12.2738 6.11857 1.2 1 13 10.6119 9.00077 1.20199 0 12 10.2555 6.14544 1.2 1 11 12.2204 5.79309 1.2 
421 0.002 6 8.61111 170 1.5 0 0 11.9582 8.5086 1.2 1 6 12.7248 6.61969 1.2 0 7 12.2738 6.11857 1.2 1 13 10.6119 9.00077 1.20199 0 12 10.2555 6.14544 1.2 0 11 12.2204 5.79309 1.2 
422 0.002 6 8.61111 170 1.5 0 0 11.9582 8.5086 1.2 1 6 12.7248 6.61969 1.2 0 7 12.2738 6.11857 1.2 2 13 10.6119 9.00077 1.20199 2 12 10.2555 6.14544 1.2 1 11 12.2204 5.79309 1.2 
423 0.002 6 8.61111 170 1.5 0 0 11.9582 8.5086 1.2 1 6 12.7248 6.61969 1.2 1 7 12.2738 6.11857 1.2 1 13 10.6119 9.00077 1.20199 1 12 10.2555 6.14544 1.2 1 11 12.2204 5.79309 1.2 
424 0.002 6 8.61111 170 1.5 0 0 11.9582 8.5086 1.2 1 6 12.7248 6.61969 1.2 1 7 12.2738 6.11857 1.2 0 13 10.6119 9.00077 1.20199 0 12 10.2555 6.14544 1.2 1 11 12.2204 5.79309 1.2 
425 0.002 6 8.61111 170 1.5 0 0 11.9582 8.5086 1.2 1 6 12.7248 6.61969 1.2 0 7 12.2738 6.11857 1.2 1 13 10.6119 9.00077 1.20199 0 12 10.2555 6.14544 1.2 1 11 12.2204 5.79309 1.2 
426 0.002 6 8.61111 170 1.5 0 0 11.9582 8.5086 1.2 1 6 12.7248 6.61969 1.2 0 7 12.2738 6.11857 1.2 0 13 10.6119 9.00077 1.20199 0 12 10.2555 6.14544 1.2 0 11 12.2204 5.79309 1.2 
427 0.002 6 8.61111 170 1.5 0 0 11.9582 8.5086 1.2 1 6 12.7248 6.61969 1.2 1 7 12.2738 6.11857 1.2 1 13 10.6119 9.00077 1.20199 0 12 10.2555 6.14544 1.2 1 11 12.2204 5.79309 1.2 
428 0.002 6 8.61111 170 1.5 0 0 11.9582 8.5086 1.2 0 6 12.7248 6.61969 1.2 2 7 12.2738 6.11857 1.2 1 13 10.6119 9.00077 1.20199 0 12 10.2555 6.14544 1.2 1 11 12.2204 5.79309 1.2 
429 0.002 6 8.61111 170 1.5 2 0 11.9582 8.5086 1.2 1 6 12.7248 6.61969 1.2 0 7 12.2738 6.11857 1.2 2 13 10.6119 9.00077 1.20199 0 12 10.2555 6.14544 1.2 1 11 12.2204 5.79309 1.2 
430 0.002 6 8.61111 170 1.5 0 0 11.9582 8.5086 1.2 1 6 12.7248 6.61969 1.2 0 7 12.2738 6.11857 1.2 1 13 10.6119 9.00077 1.20199 0 12 10.2555 6.14544 1.2 1 11 12.2204 5.79309 1.2 
431 0.002 6 8.61111 170 1.5 0 0 11.9582 8.5086 1.2 1 6 12.7248 6.61969 1.2 0 7 12.2738 6.11857 1.2 1 13 10.6119 9.00077 1.20199 0 12 10.2555 6.14544 1.2 2 11 12.2204 5.79309 1.2 
432 0.002 6 8.61111 170 1.5 0 0 11.9582 8.5086 1.2 1 6 12.7248 6.61969 1.2 0 7 12.2738 6.11857 1.2 0 13 10.6119 9.00077 1.20199 0 12 10.2555 6.14544 1.2 1 11 12.2204 5.79309 1.2 
433 0.002 6 8.61111 170 1.5 0 0 11.9582 8.5086 1.2 1 6 12.7248 6.61969 1.2 0 7 12.2738 6.11857 1.2 1 13 10.6119 9.00077 1.20199 0 12 10.2555 6.14544 1.2 1 11 12.2204 5.79309 1.2 
434 0.002 6 8.61111 170 1.5 0 0 11.9582 8.5086 1.2 1 6 12.7248 6.61969 1.2 0 7 12.2738 6.11857 1.2 2 13 10.6119 9.00077 1.20199 0 12 10.2555 6.14544 1.2 1 11 12.2204 5.79309 1.2 
435 0.002 6 8.61111 170 1.5 1 0 11.9582 8.5086 1.2 1 6 12.7248 6.61969 1.2 0 7 12.2738 6.11857 1.2 1 13 10.6119 9.00077 1.20199 0 12 10.2555 6.14544 1.2 1 11 12.2204 5.79309 1.2 
436 0.002 6 8.61111 170 1.5 0 0 11.9582 8.5086 1.2 1 6 12.7248 6.61969 1.2 2 7 12.2738 6.11857 1.2 2 13 10.6119 9.00077 1.20199 0 12 10.2555 6.14544 1.2 1 11 12.2204 5.79309 1.2 
437 0.002 6 8.61111 170 1.5 0 0 11.9582 8.5086 1.2 1 6 12.7248 6.61969 1.2 0 7 12.2738 6.11857 1.2 1 13 10.6119 9.00077 1.20199 0 12 10.2555 6.14544 1.2 1 11 12.2204 5.79309 1.2 
438 0.002 6 8.61111 170 1.5 0 0 11.9582 8.5086 1.2 1 6 12.7248 6.61969 1.2 1 7 12.2738 6.11857 1.2 1 13 10.6119 9.00077 1.20199 0 12 10.2555 6.14544 1.2 1 11 12.2204 5.79309 1.2 
439 0.002 6 8.61111 170 1.5 0 0 11.9582 8.5086 1.2 1 6 12.7248 6.61969 1.2 1 7 12.2738 6.11857 1.2 1 13 10.6119 9.00077 1.20199 0 12 10.2555 6.14544 1.2 1 11 12.2204 5.79309 1.2 
440 0.002 6 8.61111 170 1.5 0 0 11.9582 8.5086 1.2 0 6 12.7248 6.61969 1.2 1 7 12.2738 6.11857 1.2 1 13 10.6119 9.00077 1.20199 0 12 10.2555 6.14544 1.2 1 11 12.2204 5.79309 1.2 
441 0.002 6 8.61111 170 1.5 0 0 11.9582 8.5086 1.2 1 6 12.7248 6.61969 1.2 1 7 12.2738 6.11857 1.2 1 13 10.6119 9.00077 1.20199 0 12 10.2555 6.14544 1.2 1 11 12.2204 5.79309 1.2 
442 0.002 6 8.61111 170 1.5 0 0 11.9582 8.5086 1.2 1 6 12.7248 6.61969 1.2 0 7 12.2738 6.11857 1.2 1 13 10.6119 9.00077 1.20199 2 12 10.2555 6.14544 1.2 1 11 12.2204 5.79309 1.2 
443 0.002 6 8.61111 170 1.5 0 0 11.9582 8.5086 1.2 1 6 12.7248 6.61969 1.2 1 7 12.2738 6.11857 1.2 1 13 10.6119 9.00077 1.20199 0 12 10.2555 6.14544 1.2 1 11 12.2204 5.79309 1.2 
444 0.002 6 8.61111 170 1.5 0 0 11.9582 8.5086 1.2 1 6 12.7248 6.61969 1.2 0 7 12.2738 6.11857 1.2 1 13 10.6119 9.00077 1.20199 0 12 10.2555 6.14544 1.2 1 11 12.2204 5.79309 1.2 
445 0.002 6 8.61111 170 1.5 0 0 11.9582 8.5086 1.2 1 6 12.7248 6.61969 1.2 0 7 12.2738 6.11857 1.2 0 13 10.6119 9.00077 1.20199 0 12 10.2555 6.14544 1.2 1 11 12.2204 5.79309 1.2 
446 0.002 6 8.61111 170 1.5 0 0 11.9582 8.5086 1.2 1 6 12.7248 6.61969 1.2 0 7 12.2738 6.11857 1.2 2 13 10.6119 9.00077 1.20199 2 12 10.2555 6.14544 1.2 1 11 12.2204 5.79309 1.2 
447 0.002 6 8.61111 170 1.5 2 0 11.9582 8.5086 1.2 1 6 12.7248 6.61969 1.2 1 7 12.2738 6.11857 1.2 2 13 10.6119 9.00077 1.20199 0 12 10.2555 6.14544 1.2 1 11 12.2204 5.79309 1.2 
448 0.002 6 8.61111 170 1.5 0 0 11.9582 8.5086 1.2 1 6 12.7248 6.61969 1.2 2 7 12.2738 6.11857 1.2 1 13 10.6119 9.00077 1.20199 0 12 10.2555 6.14544 1.2 1 11 12.2204 5.79309 1.2 
449 0.002 6 8.61111 170 1.5 0 0 11.9582 8.5086 1.2 1 6 12.7248 6.61969 1.2 0 7 12.2738 6.11857 1.2 2 13 10.6119 9.00077 1.20199 0 12 10.2555 6.14544 1.2 1 11 12.2204 5.79309 1.2 
450 0.002 6 8.61111 170 1.5 0 0 11.9582 8.5086 1.2 1 6 12.7248 6.61969 1.2 1 7 12.2738 6.11857 1.2 1 13 10.6119 9.00077 1.20199 2 12 10.2555 6.14544 1.2 1 11 12.2204 5.79309 1.2 
451 0.002 6 8.61111 170 1.5 1 0 11.9582 8.5086 1.2 1 6 12.7248 6.61969 1.2 0 7 12.2738 6.11857 1.2 1 13 10.6119 9.00077 1.20199 0 12 10.2555 6.14544 1.2 1 11 12.2204 5.79309 1.2 
452 0.002 6 8.61111 170 1.5 0 0 11.9582 8.5086 1.2 0 6 12.7248 6.61969 1.2 1 7 12.2738 6.11857 1.2 2 13 10.6119 9.00077 1.20199 0 12 10.2555 6.14544 1.2 1 11 12.2204 5.79309 1.2 
453 0.002 6 8.61111 170 1.5 0 0 11.9582 8.5086 1.2 1 6 12.7248 6.61969 1.2 1 7 12.2738 6.11857 1.2 1 13 10.6119 9.00077 1.20199 0 12 10.2555 6.14544 1.2 1 11 12.2204 5.79309 1.2 
454 0.002 6 8.61111 170 1.5 0 0 11.9582 8.5086 1.2 0 6 12.7248 6.61969 1.2 0 7 12.2738 6.11857 1.2 1 13 10.6119 9.00077 1.20199 0 12 10.2555 6.14544 1.2 1 11 12.2204 5.79309 1.2 
455 0.002 6 8.61111 170 1.5 0 0 11.9582 8.5086 1.2 0 6 12.7248 6.61969 1.2 0 7 12.2738 6.11857 1.2 2 13 10.6119 9.00077 1.20199 0 12 10.2555 6.14544 1.2 1 11 12.2204 5.79309 1.2 
456 0.002 6 8.61111 170 1.5 0 0 11.9582 8.5086 1.2 1 6 12.7248 6.61969 1.2 1 7 12.2738 6.11857 1.2 2 13 10.6119 9.00077 1.20199 0 12 10.2555 6.14544 1.2 1 11 12.2204 5.79309 1.2 
457 0.002 6 8.61111 170 1.5 0 0 11.9582 8.5086 1.2 0 6 12.7248 6.61969 1.2 0 7 12.2738 6.11857 1.2 2 13 10.6119 9.00077 1.20199 0 12 10.2555 6.14544 1.2 1 11 12.2204 5.79309 1.2 
458 0.002 6 8.61111 170 1.5 0 0 11.9582 8.5086 1.2 1 6 12.7248 6.61969 1.2 0 7 12.2738 6.11857 1.2 1 13 10.6119 9.00077 1.20199 0 12 10.2555 6.14544 1.2 1 11 12.2204 5.79309 1.2 
459 0.002 6 8.61111 170 1.5 0 0 11.9582 8.5086 1.2 1 6 12.7248 6.61969 1.2 0 7 12.2738 6.11857 1.2 1 13 10.6119 9.00077 1.20199 0 12 10.2555 6.14544 1.2 1 11 12.2204 5.79309 1.2 
460 0.002 6 8.61111 170 1.5 0 0 11.9582 8.5086 1.2 1 6 12.7248 6.61969 1.2 1 7 12.2738 6.11857 1.2 2 13 10.6119 9.00077 1.20199 0 12 10.2555 6.14544 1.2 1 11 12.2204 5.79309 1.2 
461 0.002 6 8.61111 170 1.5 0 0 11.9582 8.5086 1.2 1 6 12.7248 6.61969 1.2 1 7 12.2738 6.11857 1.2 1 13 10.6119 9.00077 1.20199 0 12 10.2555 6.14544 1.2 1 11 12.2204 5.79309 1.2 
462 0.002 6 8.61111 170 1.5 0 0 11.9582 8.5086 1.2 1 6 12.7248 6.61969 1.2 1 7 12.2738 6.11857 1.2 2 13 10.6119 9.00077 1.20199 0 12 10.2555 6.14544 1.2 1 11 12.2204 5.79309 1.2 
463 0.002 6 8.61111 170 1.5 0 0 11.9582 8.5086 1.2 1 6 12.7248 6.61969 1.2 1 7 12.2738 6.11857 1.2 0 13 10.6119 9.00077 1.20199 0 12 10.2555 6.14544 1.2 1 11 12.2204 5.79309 1.2 
464 0.002 6 8.61111 170 1.5 0 0 11.9582 8.5086 1.2 1 6 12.7248 6.61969 1.2 1 7 12.2738 6.11857 1.2 2 13 10.6119 9.00077 1.20199 0 12 10.2555 6.14544 1.2 1 11 12.2204 5.79309 1.2 
465 0.002 6 8.61111 170 1.5 0 0 11.9582 8.5086 1.2 1 6 12.7248 6.61969 1.2 1 7 12.2738 6.11857 1.2 1 13 10.6119 9.00077 1.20199 0 12 10.2555 6.14544 1.2 1 11 12.2204 5.79309 1.2 
466 0.002 6 8.61111 170 1.5 2 0 11.9582 8.5086 1.2 1 6 12.7248 6.61969 1.2 1 7 12.2738 6.11857 1.2 2 13 10.6119 9.00077 1.20199 2 12 10.2555 6.14544 1.2 1 11 12.2204 5.79309 1.2 
467 0.002 6 8.61111 170 1.5 2 0 11.9582 8.5086 1.2 2 6 12.7248 6.61969 1.2 1 7 12.2738 6.11857 1.2 1 13 10.6119 9.00077 1.20199 0 12 10.2555 6.14544 1.2 0 11 12.2204 5.79309 1.2 
468 0.002 6 8.61111 170 1.5 0 0 11.9582 8.5086 1.2 1 6 12.7248 6.61969 1.2 0 7 12.2738 6.11857 1.2 1 13 10.6119 9.00077 1.20199 0 12 10.2555 6.14544 1.2 1 11 12.2204 5.79309 1.2 
469 0.002 6 8.61111 170 1.5 0 0 11.9582 8.5086 1.2 1 6 12.7248 6.61969 1.2 2 7 12.2738 6.11857 1.2 2 13 10.6119 9.00077 1.20199 0 12 10.2555 6.14544 1.2 1 11 12.2204 5.79309 1.2 
470 0.002 6 8.61111 170 1.5 0 0 11.9582 8.5086 1.2 1 6 12.7248 6.61969 1.2 0 7 12.2738 6.11857 1.2 2 13 10.6119 9.00077 1.20199 1 12 10.2555 6.14544 1.2 1 11 12.2204 5.79309 1.2 
471 0.002 6 8.61111 170 1.5 0 0 11.9582 8.5086 1.2 1 6 12.7248 6.61969 1.2 2 7 12.2738 6.11857 1.2 2 13 10.6119 9.00077 1.20199 0 12 10.2555 6.14544 1.2 1 11 12.2204 5.79309 1.2 
472 0.002 6 8.61111 170 1.5 0 0 11.9582 8.5086 1.2 1 6 12.7248 6.61969 1.2 0 7 12.2738 6.11857 1.2 2 13 10.6119 9.00077 1.20199 0 12 10.2555 6.14544 1.2 1 11 12.2204 5.79309 1.2 
473 0.002 6 8.61111 170 1.5 0 0 11.9582 8.5086 1.2 2 6 12.7248 6.61969 1.2 1 7 12.2738 6.11857 1.2 0 13 10.6119 9.00077 1.20199 2 12 10.2555 6.14544 1.2 1 11 12.2204 5.79309 1.2 
474 0.002 6 8.61111 170 1.5 0 0 11.9582 8.5086 1.2 1 6 12.7248 6.61969 1.2 0 7 12.2738 6.11857 1.2 1 13 10.6119 9.00077 1.20199 0 12 10.2555 6.14544 1.2 1 11 12.2204 5.79309 1.2 
475 0.002 6 8.61111 170 1.5 0 0 11.9582 8.5086 1.2 1 6 12.7248 6.61969 1.2 0 7 12.2738 6.11857 1.2 1 13 10.6119 9.00077 1.20199 0 12 10.2555 6.14544 1.2 1 11 12.2204 5.79309 1.2 
476 0.002 6 8.61111 170 1.5 0 0 11.9582 8.5086 1.2 1 6 12.7248 6.61969 1.2 1 7 12.2738 6.11857 1.2 1 13 10.6119 9.00077 1.20199 1 12 10.2555 6.14544 1.2 1 11 12.2204 5.79309 1.2 
477 0.002 6 8.61111 170 1.5 0 0 11.9582 8.5086 1.2 1 6 12.7248 6.61969 1.2 0 7 12.2738 6.11857 1.2 2 13 10.6119 9.00077 1.20199 0 12 10.2555 6.14544 1.2 1 11 12.2204 5.79309 1.2 
478 0.002 6 8.61111 170 1.5 1 0 11.9582 8.5086 1.2 1 6 12.7248 6.61969 1.2 0 7 12.2738 6.11857 1.2 1 13 10.6119 9.00077 1.20199 0 12 10.2555 6.14544 1.2 1 11 12.2204 5.79309 1.2 
479 0.002 6 8.61111 170 1.5 0 0 11.9582 8.5086 1.2 1 6 12.7248 6.61969 1.2 1 7 12.2738 6.11857 1.2 2 13 10.6119 9.00077 1.20199 1 12 10.2555 6.14544 1.2 1 11 12.2204 5.79309 1.2 
480 0.002 6 8.61111 170 1.5 0 0 11.9582 8.5086 1.2 1 6 12.7248 6.61969 1.2 1 7 12.2738 6.11857 1.2 1 13 10.6119 9.00077 1.20199 0 12 10.2555 6.14544 1.2 1 11 12.2204 5.79309 1.2 
481 0.002 6 8.61111 170 1.5 2 0 11.9582 8.5086 1.2 1 6 12.7248 6.61969 1.2 1 7 12.2738 6.11857 1.2 2 13 10.6119 9.00077 1.20199 0 12 10.2555 6.14544 1.2 1 11 12.2204 5.79309 1.2 
482 0.002 6 8.61111 170 1.5 1 0 11.9582 8.5086 1.2 1 6 12.7248 6.61969 1.2 1 7 12.2738 6.11857 1.2 0 13 10.6119 9.00077 1.20199 1 12 10.2555 6.14544 1.2 1 11 12.2204 5.79309 1.2 
483 0.002 6 8.61111 170 1.5 0 0 11.9582 8.5086 1.2 1 6 12.7248 6.61969 1.2 1 7 12.2738 6.11857 1.2 1 13 10.6119 9.00077 1.20199 0 12 10.2555 6.14544 1.2 1 11 12.2204 5.79309 1.2 
484 0.002 6 8.61111 170 1.5 0 0 11.9582 8.5086 1.2 1 6 12.7248 6.61969 1.2 1 7 12.2738 6.11857 1.2 2 13 10.6119 9.00077 1.20199 0 12 10.2555 6.14544 1.2 1 11 12.2204 5.79309 1.2 
485 0.002 6 8.61111 170 1.5 1 0 11.9582 8.5086 1.2 1 6 12.7248 6.61969 1.2 0 7 12.2738 6.11857 1.2 1 13 10.6119 9.00077 1.20199 2 12 10.2555 6.14544 1.2 1 11 12.2204 5.79309 1.2 
486 0.002 6 8.61111 170 1.5 0 0 11.9582 8.5086 1.2 1 6 12.7248 6.61969 1.2 1 7 12.2738 6.11857 1.2 1 13 10.6119 9.00077 1.20199 1 12 10.2555 6.14544 1.2 1 11 12.2204 5.79309 1.2 
487 0.002 6 8.61111 170 1.5 0 0 11.9582 8.5086 1.2 1 6 12.7248 6.61969 1.2 1 7 12.2738 6.11857 1.2 1 13 10.6119 9.00077 1.20199 0 12 10.2555 6.14544 1.2 1 11 12.2204 5.79309 1.2 
488 0.002 6 8.61111 170 1.5 0 0 11.9582 8.5086 1.2 1 6 12.7248 6.61969 1.2 1 7 12.2738 6.11857 1.2 1 13 10.6119 9.00077 1.20199 0 12 10.2555 6.14544 1.2 1 11 12.2204 5.79309 1.2 
489 0.002 6 8.61111 170 1.5 0 0 11.9582 8.5086 1.2 1 6 12.7248 6.61969 1.2 1 7 12.2738 6.11857 1.2 1 13 10.6119 9.00077 1.20199 0 12 10.2555 6.14544 1.2 1 11 12.2204 5.79309 1.2 
490 0.002 6 8.61111 170 1.5 0 0 11.9582 8.5086 1.2 1 6 12.7248 6.61969 1.2 1 7 12.2738 6.11857 1.2 1 13 10.6119 9.00077 1.20199 0 12 10.2555 6.14544 1.2 1 11 12.2204 5.79309 1.2 
491 0.002 6 8.61111 170 1.5 0 0 11.9582 8.5086 1.2 1 6 12.7248 6.61969 1.2 1 7 12.2738 6.11857 1.2 1 13 10.6119 9.00077 1.20199 1 12 10.2555 6.14544 1.2 1 11 12.2204 5.79309 1.2 
492 0.002 6 8.61111 170 1.5 0 0 11.9582 8.5086 1.2 1 6 12.7248 6.61969 1.2 0 7 12.2738 6.11857 1.2 1 13 10.6119 9.00077 1.20199 0 12 10.2555 6.14544 1.2 1 11 12.2204 5.79309 1.2 
493 0.002 6 8.61111 170 1.5 0 0 11.9582 8.5086 1.2 1 6 12.7248 6.61969 1.2 1 7 12.2738 6.11857 1.2 1 13 10.6119 9.00077 1.20199 0 12 10.2555 6.14544 1.2 1 11 12.2204 5.79309 1.2 
494 0.002 6 8.61111 170 1.5 0 0 11.9582 8.5086 1.2 1 6 12.7248 6.61969 1.2 1 7 12.2738 6.11857 1.2 1 13 10.6119 9.00077 1.20199 0 12 10.2555 6.14544 1.2 1 11 12.2204 5.79309 1.2 
495 0.002 6 8.61111 170 1.5 0 0 11.9582 8.5086 1.2 1 6 12.7248 6.61969 1.2 0 7 12.2738 6.11857 1.2 1 13 10.6119 9.00077 1.20199 0 12 10.2555 6.14544 1.2 1 11 12.2204 5.79309 1.2 
496 0.002 6 8.61111 170 1.5 0 0 11.9582 8.5086 1.2 1 6 12.7248 6.61969 1.2 0 7 12.2738 6.11857 1.2 1 13 10.6119 9.00077 1.20199 0 12 10.2555 6.14544 1.2 1 11 12.2204 5.79309 1.2 
497 0.002 6 8.61111 170 1.5 0 0 11.9582 8.5086 1.2 1 6 12.7248 6.61969 1.2 1 7 12.2738 6.11857 1.2 1 13 10.6119 9.00077 1.20199 0 12 10.2555 6.14544 1.2 0 11 12.2204 5.79309 1.2 
498 0.002 6 8.61111 170 1.5 0 0 11.9582 8.5086 1.2 1 6 12.7248 6.61969 1.2 0 7 12.2738 6.11857 1.2 1 13 10.6119 9.00077 1.20199 2 12 10.2555 6.14544 1.2 1 11 12.2204 5.79309 1.2 
499 0.002 6 8.61111 170 1.5 0 0 11.9582 8.5086 1.2 1 6 12.7248 6.61969 1.2 1 7 12.2738 6.11857 1.2 0 13 10.6119 9.00077 1.20199 0 12 10.2555 6.14544 1.2 1 11 12.2204 5.79309 1.2 
